epoch (ms),time (-13:00),elapsed (s),x-axis (T),y-axis (T),z-axis (T)
1603547850805,2020-10-24T09:57:30.805,0.000,0.000085500,0.000049313,0.000042125
1603547850855,2020-10-24T09:57:30.855,0.050,0.000083687,0.000048938,0.000043250
1603547850905,2020-10-24T09:57:30.905,0.100,0.000082563,0.000048938,0.000044063
1603547850955,2020-10-24T09:57:30.955,0.150,0.000081125,0.000050062,0.000043688
1603547851005,2020-10-24T09:57:31.005,0.200,0.000080062,0.000050750,0.000044812
1603547851055,2020-10-24T09:57:31.055,0.250,0.000080438,0.000050750,0.000042500
1603547851105,2020-10-24T09:57:31.105,0.300,0.000080062,0.000051500,0.000044438
1603547851155,2020-10-24T09:57:31.155,0.350,0.000080438,0.000050750,0.000045563
1603547851205,2020-10-24T09:57:31.205,0.400,0.000079688,0.000049687,0.000043312
1603547851255,2020-10-24T09:57:31.255,0.450,0.000080062,0.000050375,0.000045187
1603547851305,2020-10-24T09:57:31.305,0.500,0.000080438,0.000050062,0.000044063
1603547851355,2020-10-24T09:57:31.355,0.550,0.000080062,0.000051125,0.000044438
1603547851405,2020-10-24T09:57:31.405,0.600,0.000080062,0.000050375,0.000044438
1603547851455,2020-10-24T09:57:31.455,0.650,0.000079313,0.000050375,0.000043688
1603547851505,2020-10-24T09:57:31.505,0.700,0.000079313,0.000051875,0.000044063
1603547851555,2020-10-24T09:57:31.555,0.750,0.000079313,0.000051125,0.000043688
1603547851605,2020-10-24T09:57:31.605,0.800,0.000077875,0.000051125,0.000043688
1603547851655,2020-10-24T09:57:31.655,0.850,0.000078625,0.000050375,0.000044063
1603547851705,2020-10-24T09:57:31.705,0.900,0.000079313,0.000050750,0.000044063
1603547851755,2020-10-24T09:57:31.755,0.950,0.000079688,0.000050375,0.000044438
1603547851805,2020-10-24T09:57:31.805,1.000,0.000079688,0.000049687,0.000043312
1603547851855,2020-10-24T09:57:31.855,1.050,0.000080438,0.000050750,0.000045250
1603547851905,2020-10-24T09:57:31.905,1.100,0.000080062,0.000049687,0.000044438
1603547851955,2020-10-24T09:57:31.955,1.150,0.000079688,0.000051125,0.000044063
1603547852005,2020-10-24T09:57:32.005,1.200,0.000080438,0.000051500,0.000044812
1603547852055,2020-10-24T09:57:32.055,1.250,0.000080438,0.000050750,0.000044812
1603547852105,2020-10-24T09:57:32.105,1.300,0.000080438,0.000050750,0.000044063
1603547852155,2020-10-24T09:57:32.155,1.350,0.000080438,0.000050375,0.000044812
1603547852205,2020-10-24T09:57:32.205,1.400,0.000080750,0.000050062,0.000044438
1603547852255,2020-10-24T09:57:32.255,1.450,0.000081500,0.000050375,0.000044812
1603547852305,2020-10-24T09:57:32.305,1.500,0.000081875,0.000051125,0.000043688
1603547852355,2020-10-24T09:57:32.355,1.550,0.000082250,0.000050062,0.000044812
1603547852405,2020-10-24T09:57:32.405,1.600,0.000082250,0.000050062,0.000044812
1603547852455,2020-10-24T09:57:32.455,1.650,0.000083313,0.000051125,0.000044812
1603547852505,2020-10-24T09:57:32.505,1.700,0.000082250,0.000050375,0.000044438
1603547852555,2020-10-24T09:57:32.555,1.750,0.000081500,0.000050375,0.000045625
1603547852605,2020-10-24T09:57:32.605,1.800,0.000081500,0.000050062,0.000044812
1603547852655,2020-10-24T09:57:32.655,1.850,0.000081500,0.000049687,0.000044812
1603547852705,2020-10-24T09:57:32.705,1.900,0.000080438,0.000050062,0.000044063
1603547852755,2020-10-24T09:57:32.755,1.950,0.000080438,0.000049687,0.000044063
1603547852805,2020-10-24T09:57:32.805,2.000,0.000079688,0.000051500,0.000043688
1603547852855,2020-10-24T09:57:32.855,2.050,0.000079000,0.000051875,0.000042563
1603547852905,2020-10-24T09:57:32.905,2.100,0.000080438,0.000051500,0.000044063
1603547852955,2020-10-24T09:57:32.955,2.150,0.000080062,0.000050375,0.000043688
1603547853005,2020-10-24T09:57:33.005,2.200,0.000079313,0.000051125,0.000043312
1603547853055,2020-10-24T09:57:33.055,2.250,0.000080062,0.000051125,0.000044812
1603547853105,2020-10-24T09:57:33.105,2.300,0.000077875,0.000051875,0.000044063
1603547853155,2020-10-24T09:57:33.155,2.350,0.000080062,0.000050750,0.000043312
1603547853205,2020-10-24T09:57:33.205,2.400,0.000078937,0.000050750,0.000043688
1603547853255,2020-10-24T09:57:33.255,2.450,0.000079313,0.000051125,0.000044438
1603547853305,2020-10-24T09:57:33.305,2.500,0.000078937,0.000050750,0.000043312
1603547853355,2020-10-24T09:57:33.355,2.550,0.000079313,0.000051500,0.000044063
1603547853405,2020-10-24T09:57:33.405,2.600,0.000079313,0.000051500,0.000043312
1603547853455,2020-10-24T09:57:33.455,2.650,0.000079313,0.000051125,0.000043312
1603547853505,2020-10-24T09:57:33.505,2.700,0.000079688,0.000051875,0.000044500
1603547853555,2020-10-24T09:57:33.555,2.750,0.000080062,0.000050750,0.000043312
1603547853605,2020-10-24T09:57:33.605,2.800,0.000079688,0.000051875,0.000043312
1603547853655,2020-10-24T09:57:33.655,2.850,0.000079688,0.000051125,0.000043688
1603547853705,2020-10-24T09:57:33.705,2.900,0.000080438,0.000051875,0.000044063
1603547853755,2020-10-24T09:57:33.755,2.950,0.000079688,0.000049687,0.000044125
1603547853805,2020-10-24T09:57:33.805,3.000,0.000080062,0.000052188,0.000043312
1603547853855,2020-10-24T09:57:33.855,3.050,0.000080062,0.000051125,0.000044063
1603547853905,2020-10-24T09:57:33.905,3.100,0.000080062,0.000050375,0.000044438
1603547853955,2020-10-24T09:57:33.955,3.150,0.000080062,0.000051125,0.000043688
1603547854005,2020-10-24T09:57:34.005,3.200,0.000080062,0.000051125,0.000042937
1603547854055,2020-10-24T09:57:34.055,3.250,0.000079688,0.000050750,0.000044500
1603547854105,2020-10-24T09:57:34.105,3.300,0.000081125,0.000050750,0.000043688
1603547854155,2020-10-24T09:57:34.155,3.350,0.000079313,0.000051125,0.000044125
1603547854205,2020-10-24T09:57:34.205,3.400,0.000079688,0.000051125,0.000044063
1603547854255,2020-10-24T09:57:34.255,3.450,0.000079313,0.000052188,0.000045250
1603547854305,2020-10-24T09:57:34.305,3.500,0.000080062,0.000051875,0.000044500
1603547854355,2020-10-24T09:57:34.355,3.550,0.000080062,0.000050375,0.000042125
1603547854405,2020-10-24T09:57:34.405,3.600,0.000079688,0.000051500,0.000043688
1603547854455,2020-10-24T09:57:34.455,3.650,0.000078937,0.000051500,0.000044875
1603547854505,2020-10-24T09:57:34.505,3.700,0.000079313,0.000050375,0.000044063
1603547854555,2020-10-24T09:57:34.555,3.750,0.000079313,0.000051125,0.000044063
1603547854605,2020-10-24T09:57:34.605,3.800,0.000079688,0.000051875,0.000044438
1603547854655,2020-10-24T09:57:34.655,3.850,0.000079313,0.000051500,0.000043688
1603547854705,2020-10-24T09:57:34.705,3.900,0.000079688,0.000050375,0.000043312
1603547854755,2020-10-24T09:57:34.755,3.950,0.000080750,0.000051125,0.000043312
1603547854805,2020-10-24T09:57:34.805,4.000,0.000080438,0.000050375,0.000045625
1603547854855,2020-10-24T09:57:34.855,4.050,0.000081125,0.000050062,0.000044063
1603547854905,2020-10-24T09:57:34.905,4.100,0.000081500,0.000049687,0.000043688
1603547854955,2020-10-24T09:57:34.955,4.150,0.000081875,0.000050375,0.000042563
1603547855005,2020-10-24T09:57:35.005,4.200,0.000081125,0.000050375,0.000043312
1603547855055,2020-10-24T09:57:35.055,4.250,0.000082937,0.000051500,0.000043312
1603547855105,2020-10-24T09:57:35.105,4.300,0.000082937,0.000050375,0.000040625
1603547855155,2020-10-24T09:57:35.155,4.350,0.000083687,0.000050375,0.000041750
1603547855205,2020-10-24T09:57:35.205,4.400,0.000084062,0.000048938,0.000042188
1603547855255,2020-10-24T09:57:35.255,4.450,0.000084750,0.000050062,0.000040625
1603547855305,2020-10-24T09:57:35.305,4.500,0.000084062,0.000050062,0.000039875
1603547855355,2020-10-24T09:57:35.355,4.550,0.000084375,0.000050062,0.000038750
1603547855405,2020-10-24T09:57:35.405,4.600,0.000084750,0.000048938,0.000037938
1603547855455,2020-10-24T09:57:35.455,4.650,0.000085500,0.000050750,0.000036375
1603547855505,2020-10-24T09:57:35.505,4.700,0.000085125,0.000050062,0.000035625
1603547855555,2020-10-24T09:57:35.555,4.750,0.000085875,0.000048250,0.000036438
1603547855605,2020-10-24T09:57:35.605,4.800,0.000086188,0.000049687,0.000036438
1603547855655,2020-10-24T09:57:35.655,4.850,0.000085875,0.000049687,0.000036000
1603547855705,2020-10-24T09:57:35.705,4.900,0.000085875,0.000049313,0.000036813
1603547855755,2020-10-24T09:57:35.755,4.950,0.000085500,0.000050062,0.000037562
1603547855805,2020-10-24T09:57:35.805,5.000,0.000084750,0.000050062,0.000038313
1603547855855,2020-10-24T09:57:35.855,5.050,0.000084062,0.000050750,0.000038750
1603547855905,2020-10-24T09:57:35.905,5.100,0.000084375,0.000051125,0.000039125
1603547855955,2020-10-24T09:57:35.955,5.150,0.000083313,0.000051125,0.000039125
1603547856005,2020-10-24T09:57:36.005,5.200,0.000082563,0.000050750,0.000039875
1603547856055,2020-10-24T09:57:36.055,5.250,0.000081125,0.000050750,0.000040625
1603547856105,2020-10-24T09:57:36.105,5.300,0.000082563,0.000050062,0.000039875
1603547856155,2020-10-24T09:57:36.155,5.350,0.000082937,0.000051125,0.000040250
1603547856205,2020-10-24T09:57:36.205,5.400,0.000081875,0.000051875,0.000040625
1603547856255,2020-10-24T09:57:36.255,5.450,0.000080750,0.000050375,0.000042188
1603547856305,2020-10-24T09:57:36.305,5.500,0.000081125,0.000050375,0.000041375
1603547856355,2020-10-24T09:57:36.355,5.550,0.000080062,0.000050750,0.000041812
1603547856405,2020-10-24T09:57:36.405,5.600,0.000080062,0.000051500,0.000042188
1603547856455,2020-10-24T09:57:36.455,5.650,0.000078625,0.000052188,0.000042188
1603547856505,2020-10-24T09:57:36.505,5.700,0.000080062,0.000051125,0.000042563
1603547856555,2020-10-24T09:57:36.555,5.750,0.000078625,0.000051500,0.000042937
1603547856605,2020-10-24T09:57:36.605,5.800,0.000079313,0.000050750,0.000042563
1603547856655,2020-10-24T09:57:36.655,5.850,0.000078625,0.000051125,0.000042188
1603547856705,2020-10-24T09:57:36.705,5.900,0.000077500,0.000051875,0.000042188
1603547856755,2020-10-24T09:57:36.755,5.950,0.000078937,0.000052188,0.000041812
1603547856805,2020-10-24T09:57:36.805,6.000,0.000078250,0.000052563,0.000042937
1603547856855,2020-10-24T09:57:36.855,6.050,0.000076437,0.000052188,0.000041812
1603547856905,2020-10-24T09:57:36.905,6.100,0.000076062,0.000052188,0.000042937
1603547856955,2020-10-24T09:57:36.955,6.150,0.000077500,0.000052563,0.000043312
1603547857005,2020-10-24T09:57:37.005,6.200,0.000076813,0.000051875,0.000042937
1603547857055,2020-10-24T09:57:37.055,6.250,0.000075688,0.000052563,0.000042188
1603547857105,2020-10-24T09:57:37.105,6.300,0.000075000,0.000052188,0.000042937
1603547857155,2020-10-24T09:57:37.155,6.350,0.000075375,0.000052563,0.000042563
1603547857205,2020-10-24T09:57:37.205,6.400,0.000075000,0.000052188,0.000043312
1603547857255,2020-10-24T09:57:37.255,6.450,0.000075688,0.000052188,0.000043312
1603547857305,2020-10-24T09:57:37.305,6.500,0.000076062,0.000052188,0.000042937
1603547857355,2020-10-24T09:57:37.355,6.550,0.000076437,0.000052563,0.000044125
1603547857405,2020-10-24T09:57:37.405,6.600,0.000076062,0.000051500,0.000042937
1603547857455,2020-10-24T09:57:37.455,6.650,0.000076813,0.000052563,0.000042563
1603547857505,2020-10-24T09:57:37.505,6.700,0.000076813,0.000051875,0.000043312
1603547857555,2020-10-24T09:57:37.555,6.750,0.000077187,0.000051875,0.000042188
1603547857605,2020-10-24T09:57:37.605,6.800,0.000078250,0.000051875,0.000042563
1603547857655,2020-10-24T09:57:37.655,6.850,0.000077875,0.000052188,0.000042937
1603547857705,2020-10-24T09:57:37.705,6.900,0.000079313,0.000051875,0.000041812
1603547857755,2020-10-24T09:57:37.755,6.950,0.000079688,0.000051875,0.000041812
1603547857805,2020-10-24T09:57:37.805,7.000,0.000079313,0.000051500,0.000041000
1603547857855,2020-10-24T09:57:37.855,7.050,0.000081125,0.000051125,0.000040250
1603547857905,2020-10-24T09:57:37.905,7.100,0.000081500,0.000051125,0.000038750
1603547857955,2020-10-24T09:57:37.955,7.150,0.000081125,0.000051875,0.000037187
1603547858005,2020-10-24T09:57:38.005,7.200,0.000081875,0.000051875,0.000038313
1603547858055,2020-10-24T09:57:38.055,7.250,0.000081125,0.000051500,0.000037187
1603547858105,2020-10-24T09:57:38.105,7.300,0.000081500,0.000051500,0.000037562
1603547858155,2020-10-24T09:57:38.155,7.350,0.000081875,0.000051500,0.000037562
1603547858205,2020-10-24T09:57:38.205,7.400,0.000082250,0.000051500,0.000038313
1603547858255,2020-10-24T09:57:38.255,7.450,0.000082937,0.000051125,0.000038313
1603547858305,2020-10-24T09:57:38.305,7.500,0.000083313,0.000050062,0.000038313
1603547858355,2020-10-24T09:57:38.355,7.550,0.000081500,0.000051500,0.000039125
1603547858405,2020-10-24T09:57:38.405,7.600,0.000081875,0.000051500,0.000038750
1603547858455,2020-10-24T09:57:38.455,7.650,0.000082250,0.000050375,0.000038313
1603547858505,2020-10-24T09:57:38.505,7.700,0.000082563,0.000051125,0.000038750
1603547858555,2020-10-24T09:57:38.555,7.750,0.000081875,0.000051125,0.000039125
1603547858605,2020-10-24T09:57:38.605,7.800,0.000082937,0.000050750,0.000038750
1603547858655,2020-10-24T09:57:38.655,7.850,0.000082250,0.000051875,0.000038375
1603547858705,2020-10-24T09:57:38.705,7.900,0.000081500,0.000051125,0.000037938
1603547858755,2020-10-24T09:57:38.755,7.950,0.000082625,0.000050750,0.000038750
1603547858805,2020-10-24T09:57:38.805,8.000,0.000081125,0.000050375,0.000038313
1603547858855,2020-10-24T09:57:38.855,8.050,0.000081125,0.000051125,0.000040625
1603547858905,2020-10-24T09:57:38.905,8.100,0.000082625,0.000051125,0.000038313
1603547858955,2020-10-24T09:57:38.955,8.150,0.000082250,0.000050750,0.000037938
1603547859005,2020-10-24T09:57:39.005,8.200,0.000082625,0.000051125,0.000038375
1603547859055,2020-10-24T09:57:39.055,8.250,0.000082937,0.000051125,0.000038000
1603547859105,2020-10-24T09:57:39.105,8.300,0.000082937,0.000050750,0.000038313
1603547859155,2020-10-24T09:57:39.155,8.350,0.000083313,0.000051125,0.000039125
1603547859205,2020-10-24T09:57:39.205,8.400,0.000082563,0.000050375,0.000037562
1603547859255,2020-10-24T09:57:39.255,8.450,0.000081875,0.000051125,0.000038750
1603547859305,2020-10-24T09:57:39.305,8.500,0.000081500,0.000050750,0.000038750
1603547859355,2020-10-24T09:57:39.355,8.550,0.000083313,0.000049687,0.000038750
1603547859405,2020-10-24T09:57:39.405,8.600,0.000082625,0.000050375,0.000038750
1603547859455,2020-10-24T09:57:39.455,8.650,0.000082250,0.000051125,0.000038750
1603547859505,2020-10-24T09:57:39.505,8.700,0.000083313,0.000051125,0.000038750
1603547859555,2020-10-24T09:57:39.555,8.750,0.000082625,0.000050750,0.000039125
1603547859605,2020-10-24T09:57:39.605,8.800,0.000082937,0.000052563,0.000040250
1603547859655,2020-10-24T09:57:39.655,8.850,0.000082937,0.000050375,0.000039125
1603547859705,2020-10-24T09:57:39.705,8.900,0.000083313,0.000051500,0.000038313
1603547859755,2020-10-24T09:57:39.755,8.950,0.000082625,0.000050062,0.000037938
1603547859805,2020-10-24T09:57:39.805,9.000,0.000081500,0.000052188,0.000037938
1603547859855,2020-10-24T09:57:39.855,9.050,0.000081875,0.000051500,0.000038375
1603547859905,2020-10-24T09:57:39.905,9.100,0.000082250,0.000051125,0.000039875
1603547859955,2020-10-24T09:57:39.955,9.150,0.000082937,0.000051500,0.000040625
1603547860005,2020-10-24T09:57:40.005,9.200,0.000082937,0.000050750,0.000040250
1603547860055,2020-10-24T09:57:40.055,9.250,0.000081500,0.000051500,0.000038750
1603547860105,2020-10-24T09:57:40.105,9.300,0.000081875,0.000050437,0.000039875
1603547860155,2020-10-24T09:57:40.155,9.350,0.000081500,0.000051125,0.000039500
1603547860205,2020-10-24T09:57:40.205,9.400,0.000081125,0.000051125,0.000038750
1603547860255,2020-10-24T09:57:40.255,9.450,0.000082250,0.000051500,0.000038750
1603547860305,2020-10-24T09:57:40.305,9.500,0.000081500,0.000051500,0.000039125
1603547860355,2020-10-24T09:57:40.355,9.550,0.000082937,0.000050750,0.000040250
1603547860405,2020-10-24T09:57:40.405,9.600,0.000082250,0.000051125,0.000038750
1603547860455,2020-10-24T09:57:40.455,9.650,0.000082250,0.000051125,0.000039125
1603547860505,2020-10-24T09:57:40.505,9.700,0.000082625,0.000051125,0.000039500
1603547860555,2020-10-24T09:57:40.555,9.750,0.000083313,0.000051125,0.000038750
1603547860605,2020-10-24T09:57:40.605,9.800,0.000081500,0.000050750,0.000038313
1603547860655,2020-10-24T09:57:40.655,9.850,0.000081125,0.000051125,0.000039125
1603547860705,2020-10-24T09:57:40.705,9.900,0.000081875,0.000051500,0.000039500
1603547860755,2020-10-24T09:57:40.755,9.950,0.000081125,0.000050750,0.000038750
1603547860805,2020-10-24T09:57:40.805,10.000,0.000082250,0.000050750,0.000039500
1603547860855,2020-10-24T09:57:40.855,10.050,0.000081875,0.000050750,0.000040250
1603547860905,2020-10-24T09:57:40.905,10.100,0.000081125,0.000051500,0.000038750
1603547860955,2020-10-24T09:57:40.955,10.150,0.000081875,0.000050437,0.000040250
1603547861005,2020-10-24T09:57:41.005,10.200,0.000081500,0.000052188,0.000038750
1603547861055,2020-10-24T09:57:41.055,10.250,0.000081875,0.000051875,0.000039875
1603547861105,2020-10-24T09:57:41.105,10.300,0.000081125,0.000051125,0.000038750
1603547861155,2020-10-24T09:57:41.155,10.350,0.000082937,0.000051875,0.000039500
1603547861205,2020-10-24T09:57:41.205,10.400,0.000081125,0.000051875,0.000038313
1603547861255,2020-10-24T09:57:41.255,10.450,0.000081125,0.000052937,0.000038375
1603547861305,2020-10-24T09:57:41.305,10.500,0.000080438,0.000051875,0.000036813
1603547861355,2020-10-24T09:57:41.355,10.550,0.000079688,0.000051500,0.000036063
1603547861405,2020-10-24T09:57:41.405,10.600,0.000079688,0.000051875,0.000034938
1603547861455,2020-10-24T09:57:41.455,10.650,0.000079688,0.000051500,0.000034500
1603547861505,2020-10-24T09:57:41.505,10.700,0.000080438,0.000052563,0.000034500
1603547861555,2020-10-24T09:57:41.555,10.750,0.000080062,0.000051875,0.000033000
1603547861605,2020-10-24T09:57:41.605,10.800,0.000079688,0.000052188,0.000034125
1603547861655,2020-10-24T09:57:41.655,10.850,0.000080062,0.000051500,0.000034875
1603547861705,2020-10-24T09:57:41.705,10.900,0.000079688,0.000051875,0.000034125
1603547861755,2020-10-24T09:57:41.755,10.950,0.000079688,0.000052563,0.000034875
1603547861805,2020-10-24T09:57:41.805,11.000,0.000080812,0.000052188,0.000034125
1603547861855,2020-10-24T09:57:41.855,11.050,0.000080812,0.000052188,0.000034875
1603547861905,2020-10-24T09:57:41.905,11.100,0.000079688,0.000051875,0.000034125
1603547861955,2020-10-24T09:57:41.955,11.150,0.000079313,0.000051125,0.000036063
1603547862005,2020-10-24T09:57:42.005,11.200,0.000080062,0.000051500,0.000034875
1603547862055,2020-10-24T09:57:42.055,11.250,0.000080062,0.000051875,0.000035312
1603547862105,2020-10-24T09:57:42.105,11.300,0.000081125,0.000052188,0.000036063
1603547862155,2020-10-24T09:57:42.155,11.350,0.000081125,0.000052188,0.000037187
1603547862205,2020-10-24T09:57:42.205,11.400,0.000080438,0.000052563,0.000037938
1603547862255,2020-10-24T09:57:42.255,11.450,0.000079313,0.000052188,0.000038750
1603547862305,2020-10-24T09:57:42.305,11.500,0.000080438,0.000052188,0.000039125
1603547862355,2020-10-24T09:57:42.355,11.550,0.000078625,0.000052188,0.000040250
1603547862405,2020-10-24T09:57:42.405,11.600,0.000079688,0.000051500,0.000040250
1603547862455,2020-10-24T09:57:42.455,11.650,0.000079000,0.000053312,0.000039875
1603547862505,2020-10-24T09:57:42.505,11.700,0.000079313,0.000051500,0.000041062
1603547862555,2020-10-24T09:57:42.555,11.750,0.000079000,0.000052188,0.000040625
1603547862605,2020-10-24T09:57:42.605,11.800,0.000078625,0.000052188,0.000041062
1603547862655,2020-10-24T09:57:42.655,11.850,0.000078250,0.000051500,0.000039875
1603547862705,2020-10-24T09:57:42.705,11.900,0.000079000,0.000052563,0.000040250
1603547862755,2020-10-24T09:57:42.755,11.950,0.000078625,0.000051875,0.000041437
1603547862805,2020-10-24T09:57:42.805,12.000,0.000078625,0.000052188,0.000041812
1603547862855,2020-10-24T09:57:42.855,12.050,0.000079688,0.000052563,0.000040625
1603547862905,2020-10-24T09:57:42.905,12.100,0.000079313,0.000051875,0.000040625
1603547862955,2020-10-24T09:57:42.955,12.150,0.000079000,0.000051500,0.000040625
1603547863005,2020-10-24T09:57:43.005,12.200,0.000079688,0.000051125,0.000040250
1603547863055,2020-10-24T09:57:43.055,12.250,0.000079313,0.000051125,0.000041437
1603547863105,2020-10-24T09:57:43.105,12.300,0.000078250,0.000051500,0.000041437
1603547863155,2020-10-24T09:57:43.155,12.350,0.000080062,0.000052188,0.000039875
1603547863205,2020-10-24T09:57:43.205,12.400,0.000079688,0.000052563,0.000041437
1603547863255,2020-10-24T09:57:43.255,12.450,0.000079688,0.000052188,0.000040250
1603547863305,2020-10-24T09:57:43.305,12.500,0.000080812,0.000051500,0.000041062
1603547863355,2020-10-24T09:57:43.355,12.550,0.000079313,0.000052188,0.000041062
1603547863405,2020-10-24T09:57:43.405,12.600,0.000079313,0.000051500,0.000041812
1603547863455,2020-10-24T09:57:43.455,12.650,0.000080062,0.000052188,0.000041812
1603547863505,2020-10-24T09:57:43.505,12.700,0.000079688,0.000052563,0.000041812
1603547863555,2020-10-24T09:57:43.555,12.750,0.000079000,0.000052563,0.000040250
1603547863605,2020-10-24T09:57:43.605,12.800,0.000081125,0.000052188,0.000040250
1603547863655,2020-10-24T09:57:43.655,12.850,0.000079313,0.000051875,0.000041437
1603547863705,2020-10-24T09:57:43.705,12.900,0.000080812,0.000051500,0.000041062
1603547863755,2020-10-24T09:57:43.755,12.950,0.000079688,0.000051875,0.000038750
1603547863805,2020-10-24T09:57:43.805,13.000,0.000080812,0.000052188,0.000037938
1603547863855,2020-10-24T09:57:43.855,13.050,0.000080062,0.000052188,0.000036813
1603547863905,2020-10-24T09:57:43.905,13.100,0.000080812,0.000051875,0.000037187
1603547863955,2020-10-24T09:57:43.955,13.150,0.000079688,0.000051125,0.000035312
1603547864005,2020-10-24T09:57:44.005,13.200,0.000081125,0.000050750,0.000033375
1603547864055,2020-10-24T09:57:44.055,13.250,0.000080438,0.000051875,0.000034125
1603547864105,2020-10-24T09:57:44.105,13.300,0.000081125,0.000051125,0.000033000
1603547864155,2020-10-24T09:57:44.155,13.350,0.000081125,0.000051500,0.000033375
1603547864205,2020-10-24T09:57:44.205,13.400,0.000081500,0.000051875,0.000034500
1603547864255,2020-10-24T09:57:44.255,13.450,0.000080438,0.000051125,0.000032188
1603547864305,2020-10-24T09:57:44.305,13.500,0.000081125,0.000052188,0.000033375
1603547864355,2020-10-24T09:57:44.355,13.550,0.000080812,0.000052937,0.000032250
1603547864405,2020-10-24T09:57:44.405,13.600,0.000080812,0.000051500,0.000032563
1603547864455,2020-10-24T09:57:44.455,13.650,0.000081125,0.000051500,0.000033750
1603547864505,2020-10-24T09:57:44.505,13.700,0.000080812,0.000051500,0.000032188
1603547864555,2020-10-24T09:57:44.555,13.750,0.000080438,0.000051875,0.000033375
1603547864605,2020-10-24T09:57:44.605,13.800,0.000080438,0.000052937,0.000031437
1603547864655,2020-10-24T09:57:44.655,13.850,0.000080062,0.000050750,0.000031812
1603547864705,2020-10-24T09:57:44.705,13.900,0.000081875,0.000051125,0.000032250
1603547864755,2020-10-24T09:57:44.755,13.950,0.000080812,0.000051125,0.000031812
1603547864805,2020-10-24T09:57:44.805,14.000,0.000081875,0.000050750,0.000033000
1603547864855,2020-10-24T09:57:44.855,14.050,0.000081500,0.000052563,0.000032250
1603547864905,2020-10-24T09:57:44.905,14.100,0.000081125,0.000051500,0.000032188
1603547864955,2020-10-24T09:57:44.955,14.150,0.000082250,0.000051875,0.000032250
1603547865005,2020-10-24T09:57:45.005,14.200,0.000081125,0.000050750,0.000033750
1603547865055,2020-10-24T09:57:45.055,14.250,0.000081500,0.000051500,0.000032563
1603547865105,2020-10-24T09:57:45.105,14.300,0.000081875,0.000051875,0.000032625
1603547865155,2020-10-24T09:57:45.155,14.350,0.000082250,0.000051500,0.000032250
1603547865205,2020-10-24T09:57:45.205,14.400,0.000082250,0.000051875,0.000031812
1603547865255,2020-10-24T09:57:45.255,14.450,0.000081500,0.000051875,0.000032188
1603547865305,2020-10-24T09:57:45.305,14.500,0.000082937,0.000050750,0.000033375
1603547865355,2020-10-24T09:57:45.355,14.550,0.000081500,0.000051875,0.000032250
1603547865405,2020-10-24T09:57:45.405,14.600,0.000081500,0.000051500,0.000033375
1603547865455,2020-10-24T09:57:45.455,14.650,0.000082625,0.000051125,0.000034125
1603547865505,2020-10-24T09:57:45.505,14.700,0.000081875,0.000051875,0.000035687
1603547865555,2020-10-24T09:57:45.555,14.750,0.000081125,0.000051500,0.000038000
1603547865605,2020-10-24T09:57:45.605,14.800,0.000081500,0.000051500,0.000038000
1603547865655,2020-10-24T09:57:45.655,14.850,0.000081500,0.000051875,0.000038375
1603547865705,2020-10-24T09:57:45.705,14.900,0.000079313,0.000051875,0.000041437
1603547865755,2020-10-24T09:57:45.755,14.950,0.000079000,0.000052937,0.000040688
1603547865805,2020-10-24T09:57:45.805,15.000,0.000079313,0.000051875,0.000041812
1603547865855,2020-10-24T09:57:45.855,15.050,0.000078250,0.000052250,0.000042563
1603547865905,2020-10-24T09:57:45.905,15.100,0.000077875,0.000051875,0.000042188
1603547865955,2020-10-24T09:57:45.955,15.150,0.000077187,0.000051875,0.000043312
1603547866005,2020-10-24T09:57:46.005,15.200,0.000077875,0.000052188,0.000042188
1603547866055,2020-10-24T09:57:46.055,15.250,0.000076813,0.000052563,0.000042563
1603547866105,2020-10-24T09:57:46.105,15.300,0.000077875,0.000052563,0.000043750
1603547866155,2020-10-24T09:57:46.155,15.350,0.000076437,0.000052188,0.000043750
1603547866205,2020-10-24T09:57:46.205,15.400,0.000076437,0.000051500,0.000044125
1603547866255,2020-10-24T09:57:46.255,15.450,0.000077187,0.000051500,0.000042563
1603547866305,2020-10-24T09:57:46.305,15.500,0.000076062,0.000052563,0.000042563
1603547866355,2020-10-24T09:57:46.355,15.550,0.000075375,0.000052188,0.000044125
1603547866405,2020-10-24T09:57:46.405,15.600,0.000076813,0.000052188,0.000043375
1603547866455,2020-10-24T09:57:46.455,15.650,0.000077500,0.000052188,0.000044125
1603547866505,2020-10-24T09:57:46.505,15.700,0.000076437,0.000051500,0.000044125
1603547866555,2020-10-24T09:57:46.555,15.750,0.000076437,0.000052188,0.000043750
1603547866605,2020-10-24T09:57:46.605,15.800,0.000075688,0.000053312,0.000044875
1603547866655,2020-10-24T09:57:46.655,15.850,0.000076813,0.000051875,0.000043375
1603547866705,2020-10-24T09:57:46.705,15.900,0.000077187,0.000052188,0.000043375
1603547866755,2020-10-24T09:57:46.755,15.950,0.000076437,0.000052563,0.000042563
1603547866805,2020-10-24T09:57:46.805,16.000,0.000075688,0.000051500,0.000043750
1603547866855,2020-10-24T09:57:46.855,16.050,0.000076813,0.000052563,0.000042188
1603547866905,2020-10-24T09:57:46.905,16.100,0.000076813,0.000052563,0.000043000
1603547866955,2020-10-24T09:57:46.955,16.150,0.000076437,0.000052563,0.000043750
1603547867005,2020-10-24T09:57:47.005,16.200,0.000075375,0.000051875,0.000044125
1603547867055,2020-10-24T09:57:47.055,16.250,0.000077500,0.000051875,0.000044500
1603547867105,2020-10-24T09:57:47.105,16.300,0.000076062,0.000051875,0.000043312
1603547867155,2020-10-24T09:57:47.155,16.350,0.000076813,0.000051125,0.000044125
1603547867205,2020-10-24T09:57:47.205,16.400,0.000076437,0.000051125,0.000044500
1603547867255,2020-10-24T09:57:47.255,16.450,0.000076813,0.000052250,0.000044500
1603547867305,2020-10-24T09:57:47.305,16.500,0.000077500,0.000052250,0.000044500
1603547867355,2020-10-24T09:57:47.355,16.550,0.000076813,0.000052563,0.000044500
1603547867405,2020-10-24T09:57:47.405,16.600,0.000076437,0.000051500,0.000043750
1603547867455,2020-10-24T09:57:47.455,16.650,0.000076437,0.000052937,0.000042188
1603547867505,2020-10-24T09:57:47.505,16.700,0.000076813,0.000052188,0.000043750
1603547867555,2020-10-24T09:57:47.555,16.750,0.000076062,0.000052250,0.000042563
1603547867605,2020-10-24T09:57:47.605,16.800,0.000076813,0.000051500,0.000044125
1603547867655,2020-10-24T09:57:47.655,16.850,0.000076437,0.000051125,0.000043375
1603547867705,2020-10-24T09:57:47.705,16.900,0.000075688,0.000051875,0.000044500
1603547867755,2020-10-24T09:57:47.755,16.950,0.000076813,0.000052250,0.000043750
1603547867805,2020-10-24T09:57:47.805,17.000,0.000076437,0.000052563,0.000044125
1603547867855,2020-10-24T09:57:47.855,17.050,0.000076437,0.000052563,0.000043750
1603547867905,2020-10-24T09:57:47.905,17.100,0.000075375,0.000052250,0.000043750
1603547867955,2020-10-24T09:57:47.955,17.150,0.000077563,0.000052250,0.000043750
1603547868005,2020-10-24T09:57:48.005,17.200,0.000076813,0.000051875,0.000043750
1603547868055,2020-10-24T09:57:48.055,17.250,0.000076813,0.000051875,0.000043750
1603547868105,2020-10-24T09:57:48.105,17.300,0.000078250,0.000051125,0.000044500
1603547868155,2020-10-24T09:57:48.155,17.350,0.000078625,0.000052250,0.000043375
1603547868205,2020-10-24T09:57:48.205,17.400,0.000080062,0.000051500,0.000043375
1603547868255,2020-10-24T09:57:48.255,17.450,0.000080438,0.000050750,0.000043375
1603547868305,2020-10-24T09:57:48.305,17.500,0.000081125,0.000050750,0.000043000
1603547868355,2020-10-24T09:57:48.355,17.550,0.000080812,0.000051125,0.000044125
1603547868405,2020-10-24T09:57:48.405,17.600,0.000081125,0.000050062,0.000045312
1603547868455,2020-10-24T09:57:48.455,17.650,0.000081875,0.000050437,0.000044938
1603547868505,2020-10-24T09:57:48.505,17.700,0.000082250,0.000050750,0.000045250
1603547868555,2020-10-24T09:57:48.555,17.750,0.000081125,0.000050750,0.000043750
1603547868605,2020-10-24T09:57:48.605,17.800,0.000082937,0.000049687,0.000044500
1603547868655,2020-10-24T09:57:48.655,17.850,0.000081875,0.000050062,0.000044875
1603547868705,2020-10-24T09:57:48.705,17.900,0.000082937,0.000050062,0.000043750
1603547868755,2020-10-24T09:57:48.755,17.950,0.000083687,0.000051125,0.000043375
1603547868805,2020-10-24T09:57:48.805,18.000,0.000082250,0.000049687,0.000044500
1603547868855,2020-10-24T09:57:48.855,18.050,0.000083687,0.000049687,0.000043750
1603547868905,2020-10-24T09:57:48.905,18.100,0.000083687,0.000050062,0.000042625
1603547868955,2020-10-24T09:57:48.955,18.150,0.000083687,0.000049687,0.000044500
1603547869005,2020-10-24T09:57:49.005,18.200,0.000082937,0.000050750,0.000044500
1603547869055,2020-10-24T09:57:49.055,18.250,0.000083313,0.000049687,0.000044500
1603547869105,2020-10-24T09:57:49.105,18.300,0.000082250,0.000049687,0.000045250
1603547869155,2020-10-24T09:57:49.155,18.350,0.000084062,0.000050062,0.000043750
1603547869205,2020-10-24T09:57:49.205,18.400,0.000082937,0.000049687,0.000044500
1603547869255,2020-10-24T09:57:49.255,18.450,0.000082625,0.000051500,0.000043750
1603547869305,2020-10-24T09:57:49.305,18.500,0.000080812,0.000049313,0.000043375
1603547869355,2020-10-24T09:57:49.355,18.550,0.000082250,0.000050437,0.000042937
1603547869405,2020-10-24T09:57:49.405,18.600,0.000081500,0.000051125,0.000044500
1603547869455,2020-10-24T09:57:49.455,18.650,0.000081125,0.000050750,0.000043750
1603547869505,2020-10-24T09:57:49.505,18.700,0.000080438,0.000050750,0.000042563
1603547869555,2020-10-24T09:57:49.555,18.750,0.000080812,0.000050750,0.000044125
1603547869605,2020-10-24T09:57:49.605,18.800,0.000080062,0.000051875,0.000043000
1603547869655,2020-10-24T09:57:49.655,18.850,0.000080812,0.000050062,0.000042563
1603547869705,2020-10-24T09:57:49.705,18.900,0.000080438,0.000051125,0.000044125
1603547869755,2020-10-24T09:57:49.755,18.950,0.000081125,0.000050750,0.000044125
1603547869805,2020-10-24T09:57:49.805,19.000,0.000080438,0.000051125,0.000043750
1603547869855,2020-10-24T09:57:49.855,19.050,0.000080062,0.000051125,0.000043375
1603547869905,2020-10-24T09:57:49.905,19.100,0.000080812,0.000051125,0.000043375
1603547869955,2020-10-24T09:57:49.955,19.150,0.000081125,0.000050750,0.000043375
1603547870005,2020-10-24T09:57:50.005,19.200,0.000080062,0.000051500,0.000044125
1603547870055,2020-10-24T09:57:50.055,19.250,0.000079313,0.000051125,0.000043000
1603547870105,2020-10-24T09:57:50.105,19.300,0.000079688,0.000051125,0.000043750
1603547870155,2020-10-24T09:57:50.155,19.350,0.000079000,0.000051500,0.000043375
1603547870205,2020-10-24T09:57:50.205,19.400,0.000079000,0.000050750,0.000043000
1603547870255,2020-10-24T09:57:50.255,19.450,0.000079000,0.000051875,0.000043375
1603547870305,2020-10-24T09:57:50.305,19.500,0.000079313,0.000051125,0.000043375
1603547870355,2020-10-24T09:57:50.355,19.550,0.000078625,0.000051500,0.000043000
1603547870405,2020-10-24T09:57:50.405,19.600,0.000079000,0.000052250,0.000043750
1603547870455,2020-10-24T09:57:50.455,19.650,0.000079313,0.000051875,0.000043750
1603547870505,2020-10-24T09:57:50.505,19.700,0.000079000,0.000051875,0.000043750
1603547870555,2020-10-24T09:57:50.555,19.750,0.000078250,0.000051875,0.000042563
1603547870605,2020-10-24T09:57:50.605,19.800,0.000079000,0.000051875,0.000043375
1603547870655,2020-10-24T09:57:50.655,19.850,0.000077875,0.000051500,0.000044125
1603547870705,2020-10-24T09:57:50.705,19.900,0.000077187,0.000052250,0.000042563
1603547870755,2020-10-24T09:57:50.755,19.950,0.000077500,0.000051875,0.000042563
1603547870805,2020-10-24T09:57:50.805,20.000,0.000078250,0.000053312,0.000043375
1603547870855,2020-10-24T09:57:50.855,20.050,0.000076813,0.000052250,0.000043375
1603547870905,2020-10-24T09:57:50.905,20.100,0.000077875,0.000052937,0.000043375
1603547870955,2020-10-24T09:57:50.955,20.150,0.000077875,0.000052250,0.000042625
1603547871005,2020-10-24T09:57:51.005,20.200,0.000078625,0.000052563,0.000044125
1603547871055,2020-10-24T09:57:51.055,20.250,0.000076437,0.000051500,0.000043750
1603547871105,2020-10-24T09:57:51.105,20.300,0.000077875,0.000051500,0.000043375
1603547871155,2020-10-24T09:57:51.155,20.350,0.000077500,0.000051875,0.000044125
1603547871205,2020-10-24T09:57:51.205,20.400,0.000078625,0.000052563,0.000043750
1603547871255,2020-10-24T09:57:51.255,20.450,0.000079313,0.000052250,0.000043750
1603547871305,2020-10-24T09:57:51.305,20.500,0.000077187,0.000051875,0.000042250
1603547871355,2020-10-24T09:57:51.355,20.550,0.000078625,0.000052250,0.000043750
1603547871405,2020-10-24T09:57:51.405,20.600,0.000077875,0.000052250,0.000044125
1603547871455,2020-10-24T09:57:51.455,20.650,0.000077875,0.000052563,0.000043000
1603547871505,2020-10-24T09:57:51.505,20.700,0.000077875,0.000051875,0.000042188
1603547871555,2020-10-24T09:57:51.555,20.750,0.000078250,0.000051875,0.000044875
1603547871605,2020-10-24T09:57:51.605,20.800,0.000077875,0.000051500,0.000043000
1603547871655,2020-10-24T09:57:51.655,20.850,0.000077875,0.000051875,0.000044125
1603547871705,2020-10-24T09:57:51.705,20.900,0.000078625,0.000051125,0.000042188
1603547871755,2020-10-24T09:57:51.755,20.950,0.000078625,0.000051125,0.000043375
1603547871805,2020-10-24T09:57:51.805,21.000,0.000079313,0.000051875,0.000041437
1603547871855,2020-10-24T09:57:51.855,21.050,0.000079688,0.000052250,0.000041812
1603547871905,2020-10-24T09:57:51.905,21.100,0.000080062,0.000051875,0.000040688
1603547871955,2020-10-24T09:57:51.955,21.150,0.000080812,0.000051500,0.000040688
1603547872005,2020-10-24T09:57:52.005,21.200,0.000080438,0.000051875,0.000039875
1603547872055,2020-10-24T09:57:52.055,21.250,0.000081125,0.000050750,0.000038750
1603547872105,2020-10-24T09:57:52.105,21.300,0.000081500,0.000051875,0.000039125
1603547872155,2020-10-24T09:57:52.155,21.350,0.000081125,0.000050750,0.000039500
1603547872205,2020-10-24T09:57:52.205,21.400,0.000082625,0.000050750,0.000039125
1603547872255,2020-10-24T09:57:52.255,21.450,0.000081875,0.000050750,0.000038375
1603547872305,2020-10-24T09:57:52.305,21.500,0.000081875,0.000051875,0.000038375
1603547872355,2020-10-24T09:57:52.355,21.550,0.000082250,0.000051500,0.000038375
1603547872405,2020-10-24T09:57:52.405,21.600,0.000082250,0.000051875,0.000038750
1603547872455,2020-10-24T09:57:52.455,21.650,0.000081500,0.000051125,0.000039125
1603547872505,2020-10-24T09:57:52.505,21.700,0.000081125,0.000051875,0.000040313
1603547872555,2020-10-24T09:57:52.555,21.750,0.000081125,0.000051125,0.000039937
1603547872605,2020-10-24T09:57:52.605,21.800,0.000081875,0.000051500,0.000041437
1603547872655,2020-10-24T09:57:52.655,21.850,0.000080438,0.000050750,0.000040688
1603547872705,2020-10-24T09:57:52.705,21.900,0.000080438,0.000051125,0.000040688
1603547872755,2020-10-24T09:57:52.755,21.950,0.000080812,0.000051500,0.000041437
1603547872805,2020-10-24T09:57:52.805,22.000,0.000079688,0.000051500,0.000041437
1603547872855,2020-10-24T09:57:52.855,22.050,0.000079313,0.000051125,0.000042625
1603547872905,2020-10-24T09:57:52.905,22.100,0.000079688,0.000051125,0.000043000
1603547872955,2020-10-24T09:57:52.955,22.150,0.000079000,0.000051875,0.000042250
1603547873005,2020-10-24T09:57:53.005,22.200,0.000078625,0.000052563,0.000043375
1603547873055,2020-10-24T09:57:53.055,22.250,0.000077187,0.000052250,0.000043750
1603547873105,2020-10-24T09:57:53.105,22.300,0.000078250,0.000052937,0.000043750
1603547873155,2020-10-24T09:57:53.155,22.350,0.000077875,0.000051875,0.000043750
1603547873205,2020-10-24T09:57:53.205,22.400,0.000076813,0.000051875,0.000043000
1603547873255,2020-10-24T09:57:53.255,22.450,0.000076437,0.000052250,0.000043000
1603547873305,2020-10-24T09:57:53.305,22.500,0.000077187,0.000052563,0.000043375
1603547873355,2020-10-24T09:57:53.355,22.550,0.000077875,0.000052937,0.000044125
1603547873405,2020-10-24T09:57:53.405,22.600,0.000077187,0.000052250,0.000043000
1603547873455,2020-10-24T09:57:53.455,22.650,0.000077500,0.000051875,0.000042625
1603547873505,2020-10-24T09:57:53.505,22.700,0.000076437,0.000052250,0.000042188
1603547873555,2020-10-24T09:57:53.555,22.750,0.000076813,0.000052563,0.000043375
1603547873605,2020-10-24T09:57:53.605,22.800,0.000076062,0.000052250,0.000042625
1603547873655,2020-10-24T09:57:53.655,22.850,0.000076437,0.000051875,0.000043750
1603547873705,2020-10-24T09:57:53.705,22.900,0.000076062,0.000051875,0.000044125
1603547873755,2020-10-24T09:57:53.755,22.950,0.000075750,0.000051875,0.000043000
1603547873805,2020-10-24T09:57:53.805,23.000,0.000075375,0.000051875,0.000044500
1603547873855,2020-10-24T09:57:53.855,23.050,0.000075688,0.000052250,0.000043750
1603547873905,2020-10-24T09:57:53.905,23.100,0.000076062,0.000052250,0.000043750
1603547873955,2020-10-24T09:57:53.955,23.150,0.000075688,0.000051875,0.000043375
1603547874005,2020-10-24T09:57:54.005,23.200,0.000075688,0.000051875,0.000044125
1603547874055,2020-10-24T09:57:54.055,23.250,0.000076813,0.000052563,0.000043375
1603547874105,2020-10-24T09:57:54.105,23.300,0.000075688,0.000052563,0.000044125
1603547874155,2020-10-24T09:57:54.155,23.350,0.000076062,0.000052250,0.000043375
1603547874205,2020-10-24T09:57:54.205,23.400,0.000076062,0.000051875,0.000042625
1603547874255,2020-10-24T09:57:54.255,23.450,0.000076813,0.000051875,0.000043000
1603547874305,2020-10-24T09:57:54.305,23.500,0.000075750,0.000051875,0.000042250
1603547874355,2020-10-24T09:57:54.355,23.550,0.000077187,0.000051500,0.000042188
1603547874405,2020-10-24T09:57:54.405,23.600,0.000076813,0.000052250,0.000043750
1603547874455,2020-10-24T09:57:54.455,23.650,0.000076062,0.000052937,0.000043375
1603547874505,2020-10-24T09:57:54.505,23.700,0.000076437,0.000053312,0.000043000
1603547874555,2020-10-24T09:57:54.555,23.750,0.000076437,0.000051125,0.000043375
1603547874605,2020-10-24T09:57:54.605,23.800,0.000076437,0.000052563,0.000043375
1603547874655,2020-10-24T09:57:54.655,23.850,0.000076437,0.000052250,0.000043375
1603547874705,2020-10-24T09:57:54.705,23.900,0.000076813,0.000052250,0.000043750
1603547874755,2020-10-24T09:57:54.755,23.950,0.000075750,0.000052250,0.000044500
1603547874805,2020-10-24T09:57:54.805,24.000,0.000076437,0.000052250,0.000042563
1603547874855,2020-10-24T09:57:54.855,24.050,0.000076437,0.000051875,0.000043375
1603547874905,2020-10-24T09:57:54.905,24.100,0.000076062,0.000052250,0.000043750
1603547874955,2020-10-24T09:57:54.955,24.150,0.000076062,0.000051500,0.000043750
1603547875005,2020-10-24T09:57:55.005,24.200,0.000076437,0.000052250,0.000043750
1603547875055,2020-10-24T09:57:55.055,24.250,0.000076437,0.000052563,0.000043750
1603547875105,2020-10-24T09:57:55.105,24.300,0.000076813,0.000052937,0.000044125
1603547875155,2020-10-24T09:57:55.155,24.350,0.000076813,0.000051875,0.000043000
1603547875205,2020-10-24T09:57:55.205,24.400,0.000076437,0.000051125,0.000042250
1603547875255,2020-10-24T09:57:55.255,24.450,0.000077875,0.000051125,0.000043375
1603547875305,2020-10-24T09:57:55.305,24.500,0.000078250,0.000051875,0.000042625
1603547875355,2020-10-24T09:57:55.355,24.550,0.000080812,0.000052563,0.000043375
1603547875405,2020-10-24T09:57:55.405,24.600,0.000080062,0.000051125,0.000043375
1603547875455,2020-10-24T09:57:55.455,24.650,0.000080062,0.000051500,0.000042625
1603547875505,2020-10-24T09:57:55.505,24.700,0.000080812,0.000051500,0.000043750
1603547875555,2020-10-24T09:57:55.555,24.750,0.000080062,0.000051125,0.000044125
1603547875605,2020-10-24T09:57:55.605,24.800,0.000081500,0.000050437,0.000043000
1603547875655,2020-10-24T09:57:55.655,24.850,0.000079688,0.000050437,0.000043000
1603547875705,2020-10-24T09:57:55.705,24.900,0.000080812,0.000051125,0.000042625
1603547875755,2020-10-24T09:57:55.755,24.950,0.000081125,0.000050750,0.000043000
1603547875805,2020-10-24T09:57:55.805,25.000,0.000080812,0.000050750,0.000044125
1603547875855,2020-10-24T09:57:55.855,25.050,0.000080812,0.000050437,0.000042625
1603547875905,2020-10-24T09:57:55.905,25.100,0.000080438,0.000051125,0.000044125
1603547875955,2020-10-24T09:57:55.955,25.150,0.000080812,0.000051500,0.000042625
1603547876005,2020-10-24T09:57:56.005,25.200,0.000080062,0.000050437,0.000044125
1603547876055,2020-10-24T09:57:56.055,25.250,0.000079688,0.000051875,0.000043750
1603547876105,2020-10-24T09:57:56.105,25.300,0.000080062,0.000050437,0.000043000
1603547876155,2020-10-24T09:57:56.155,25.350,0.000080438,0.000050437,0.000043375
1603547876205,2020-10-24T09:57:56.205,25.400,0.000080812,0.000050750,0.000043750
1603547876255,2020-10-24T09:57:56.255,25.450,0.000081125,0.000050750,0.000043375
1603547876305,2020-10-24T09:57:56.305,25.500,0.000081125,0.000051125,0.000043375
1603547876355,2020-10-24T09:57:56.355,25.550,0.000080438,0.000051125,0.000043750
1603547876405,2020-10-24T09:57:56.405,25.600,0.000081500,0.000051500,0.000043750
1603547876455,2020-10-24T09:57:56.455,25.650,0.000080812,0.000050750,0.000043000
1603547876505,2020-10-24T09:57:56.505,25.700,0.000080812,0.000052563,0.000044500
1603547876555,2020-10-24T09:57:56.555,25.750,0.000080062,0.000050437,0.000043750
1603547876605,2020-10-24T09:57:56.605,25.800,0.000080062,0.000051125,0.000043750
1603547876655,2020-10-24T09:57:56.655,25.850,0.000080062,0.000050750,0.000044500
1603547876705,2020-10-24T09:57:56.705,25.900,0.000080438,0.000050437,0.000043375
1603547876755,2020-10-24T09:57:56.755,25.950,0.000081500,0.000050437,0.000044938
1603547876805,2020-10-24T09:57:56.805,26.000,0.000080812,0.000051500,0.000044875
1603547876855,2020-10-24T09:57:56.855,26.050,0.000079688,0.000050750,0.000044500
1603547876905,2020-10-24T09:57:56.905,26.100,0.000080062,0.000050437,0.000044500
1603547876955,2020-10-24T09:57:56.955,26.150,0.000080062,0.000051500,0.000043375
1603547877005,2020-10-24T09:57:57.005,26.200,0.000080438,0.000051125,0.000044125
1603547877055,2020-10-24T09:57:57.055,26.250,0.000081125,0.000050062,0.000045250
1603547877105,2020-10-24T09:57:57.105,26.300,0.000080812,0.000050750,0.000044500
1603547877155,2020-10-24T09:57:57.155,26.350,0.000080438,0.000050062,0.000043750
1603547877205,2020-10-24T09:57:57.205,26.400,0.000080438,0.000050437,0.000044875
1603547877255,2020-10-24T09:57:57.255,26.450,0.000079688,0.000050062,0.000044500
1603547877305,2020-10-24T09:57:57.305,26.500,0.000079688,0.000051125,0.000043750
1603547877355,2020-10-24T09:57:57.355,26.550,0.000080438,0.000050750,0.000044500
1603547877405,2020-10-24T09:57:57.405,26.600,0.000079688,0.000050437,0.000043750
1603547877455,2020-10-24T09:57:57.455,26.650,0.000081500,0.000050750,0.000043750
1603547877505,2020-10-24T09:57:57.505,26.700,0.000079688,0.000050750,0.000045687
1603547877555,2020-10-24T09:57:57.555,26.750,0.000079688,0.000051125,0.000045312
1603547877605,2020-10-24T09:57:57.605,26.800,0.000080438,0.000050750,0.000043750
1603547877655,2020-10-24T09:57:57.655,26.850,0.000080812,0.000051500,0.000044938
1603547877705,2020-10-24T09:57:57.705,26.900,0.000079688,0.000051125,0.000044500
1603547877755,2020-10-24T09:57:57.755,26.950,0.000079688,0.000051125,0.000044125
1603547877805,2020-10-24T09:57:57.805,27.000,0.000079000,0.000051500,0.000044125
1603547877855,2020-10-24T09:57:57.855,27.050,0.000080062,0.000051125,0.000044938
1603547877905,2020-10-24T09:57:57.905,27.100,0.000080062,0.000051125,0.000044125
1603547877955,2020-10-24T09:57:57.955,27.150,0.000079688,0.000050437,0.000043750
1603547878005,2020-10-24T09:57:58.005,27.200,0.000079688,0.000050750,0.000046063
1603547878055,2020-10-24T09:57:58.055,27.250,0.000079313,0.000051125,0.000045687
1603547878105,2020-10-24T09:57:58.105,27.300,0.000080062,0.000050437,0.000044500
1603547878155,2020-10-24T09:57:58.155,27.350,0.000079313,0.000050750,0.000044500
1603547878205,2020-10-24T09:57:58.205,27.400,0.000081500,0.000050750,0.000043750
1603547878255,2020-10-24T09:57:58.255,27.450,0.000080062,0.000051125,0.000044188
1603547878305,2020-10-24T09:57:58.305,27.500,0.000081187,0.000051500,0.000044563
1603547878355,2020-10-24T09:57:58.355,27.550,0.000079000,0.000051125,0.000043750
1603547878405,2020-10-24T09:57:58.405,27.600,0.000080438,0.000051125,0.000044563
1603547878455,2020-10-24T09:57:58.455,27.650,0.000079375,0.000051875,0.000043375
1603547878505,2020-10-24T09:57:58.505,27.700,0.000079000,0.000052250,0.000043375
1603547878555,2020-10-24T09:57:58.555,27.750,0.000079000,0.000050750,0.000044188
1603547878605,2020-10-24T09:57:58.605,27.800,0.000078625,0.000051125,0.000043375
1603547878655,2020-10-24T09:57:58.655,27.850,0.000079375,0.000051875,0.000044188
1603547878705,2020-10-24T09:57:58.705,27.900,0.000079688,0.000050750,0.000043750
1603547878755,2020-10-24T09:57:58.755,27.950,0.000079375,0.000051500,0.000043375
1603547878805,2020-10-24T09:57:58.805,28.000,0.000079375,0.000051875,0.000044563
1603547878855,2020-10-24T09:57:58.855,28.050,0.000080438,0.000050062,0.000043750
1603547878905,2020-10-24T09:57:58.905,28.100,0.000079688,0.000051125,0.000045312
1603547878955,2020-10-24T09:57:58.955,28.150,0.000079688,0.000050750,0.000043750
1603547879005,2020-10-24T09:57:59.005,28.200,0.000079000,0.000051875,0.000043375
1603547879055,2020-10-24T09:57:59.055,28.250,0.000078625,0.000050750,0.000043375
1603547879105,2020-10-24T09:57:59.105,28.300,0.000078250,0.000051125,0.000044188
1603547879155,2020-10-24T09:57:59.155,28.350,0.000078625,0.000050750,0.000043750
1603547879205,2020-10-24T09:57:59.205,28.400,0.000079688,0.000050750,0.000044563
1603547879255,2020-10-24T09:57:59.255,28.450,0.000079688,0.000051125,0.000044125
1603547879305,2020-10-24T09:57:59.305,28.500,0.000079688,0.000051125,0.000043750
1603547879355,2020-10-24T09:57:59.355,28.550,0.000079000,0.000051125,0.000044125
1603547879405,2020-10-24T09:57:59.405,28.600,0.000079000,0.000051500,0.000043375
1603547879455,2020-10-24T09:57:59.455,28.650,0.000080438,0.000051500,0.000044938
1603547879505,2020-10-24T09:57:59.505,28.700,0.000078625,0.000051125,0.000043000
1603547879555,2020-10-24T09:57:59.555,28.750,0.000079688,0.000051500,0.000043375
1603547879605,2020-10-24T09:57:59.605,28.800,0.000079688,0.000051500,0.000044125
1603547879655,2020-10-24T09:57:59.655,28.850,0.000080438,0.000051125,0.000043375
1603547879705,2020-10-24T09:57:59.705,28.900,0.000079688,0.000051875,0.000043750
1603547879755,2020-10-24T09:57:59.755,28.950,0.000080812,0.000051875,0.000044125
1603547879805,2020-10-24T09:57:59.805,29.000,0.000080062,0.000050437,0.000043375
1603547879855,2020-10-24T09:57:59.855,29.050,0.000079688,0.000051875,0.000042625
1603547879905,2020-10-24T09:57:59.905,29.100,0.000079688,0.000050437,0.000043375
1603547879955,2020-10-24T09:57:59.955,29.150,0.000080438,0.000050750,0.000043750
1603547880005,2020-10-24T09:58:00.005,29.200,0.000079000,0.000051500,0.000042625
1603547880055,2020-10-24T09:58:00.055,29.250,0.000079375,0.000051125,0.000044188
1603547880105,2020-10-24T09:58:00.105,29.300,0.000079313,0.000051500,0.000043375
1603547880155,2020-10-24T09:58:00.155,29.350,0.000080062,0.000051125,0.000044500
1603547880205,2020-10-24T09:58:00.205,29.400,0.000080438,0.000051875,0.000043375
1603547880255,2020-10-24T09:58:00.255,29.450,0.000080438,0.000051875,0.000043750
1603547880305,2020-10-24T09:58:00.305,29.500,0.000079688,0.000051875,0.000043375
1603547880355,2020-10-24T09:58:00.355,29.550,0.000078625,0.000051875,0.000043750
1603547880405,2020-10-24T09:58:00.405,29.600,0.000078625,0.000051500,0.000042625
1603547880455,2020-10-24T09:58:00.455,29.650,0.000078625,0.000050437,0.000042250
1603547880505,2020-10-24T09:58:00.505,29.700,0.000080062,0.000051875,0.000042250
1603547880555,2020-10-24T09:58:00.555,29.750,0.000079313,0.000051125,0.000043000
1603547880605,2020-10-24T09:58:00.605,29.800,0.000079000,0.000052250,0.000042625
1603547880655,2020-10-24T09:58:00.655,29.850,0.000078250,0.000052250,0.000041875
1603547880705,2020-10-24T09:58:00.705,29.900,0.000078625,0.000052250,0.000042250
1603547880755,2020-10-24T09:58:00.755,29.950,0.000078625,0.000051875,0.000042250
1603547880805,2020-10-24T09:58:00.805,30.000,0.000078625,0.000051875,0.000042625
1603547880855,2020-10-24T09:58:00.855,30.050,0.000079375,0.000052937,0.000041812
1603547880905,2020-10-24T09:58:00.905,30.100,0.000077875,0.000052250,0.000042625
1603547880955,2020-10-24T09:58:00.955,30.150,0.000077563,0.000051875,0.000040688
1603547881005,2020-10-24T09:58:01.005,30.200,0.000079688,0.000052250,0.000040313
1603547881055,2020-10-24T09:58:01.055,30.250,0.000078250,0.000051875,0.000041812
1603547881105,2020-10-24T09:58:01.105,30.300,0.000078625,0.000051875,0.000041125
1603547881155,2020-10-24T09:58:01.155,30.350,0.000078625,0.000052563,0.000041875
1603547881205,2020-10-24T09:58:01.205,30.400,0.000077875,0.000052937,0.000042250
1603547881255,2020-10-24T09:58:01.255,30.450,0.000077563,0.000052563,0.000041062
1603547881305,2020-10-24T09:58:01.305,30.500,0.000077187,0.000052250,0.000041812
1603547881355,2020-10-24T09:58:01.355,30.550,0.000078250,0.000052250,0.000041437
1603547881405,2020-10-24T09:58:01.405,30.600,0.000078625,0.000051875,0.000041812
1603547881455,2020-10-24T09:58:01.455,30.650,0.000079313,0.000051500,0.000042250
1603547881505,2020-10-24T09:58:01.505,30.700,0.000077875,0.000051500,0.000042625
1603547881555,2020-10-24T09:58:01.555,30.750,0.000079000,0.000052250,0.000043000
1603547881605,2020-10-24T09:58:01.605,30.800,0.000079375,0.000051875,0.000042250
1603547881655,2020-10-24T09:58:01.655,30.850,0.000079000,0.000053312,0.000043375
1603547881705,2020-10-24T09:58:01.705,30.900,0.000078250,0.000051875,0.000043750
1603547881755,2020-10-24T09:58:01.755,30.950,0.000077563,0.000052250,0.000043750
1603547881805,2020-10-24T09:58:01.805,31.000,0.000078625,0.000052937,0.000043000
1603547881855,2020-10-24T09:58:01.855,31.050,0.000078625,0.000052250,0.000042250
1603547881905,2020-10-24T09:58:01.905,31.100,0.000078250,0.000051125,0.000044125
1603547881955,2020-10-24T09:58:01.955,31.150,0.000078250,0.000050750,0.000043750
1603547882005,2020-10-24T09:58:02.005,31.200,0.000078625,0.000051875,0.000043375
1603547882055,2020-10-24T09:58:02.055,31.250,0.000078625,0.000050750,0.000043375
1603547882105,2020-10-24T09:58:02.105,31.300,0.000078625,0.000051125,0.000043000
1603547882155,2020-10-24T09:58:02.155,31.350,0.000078625,0.000051875,0.000043000
1603547882205,2020-10-24T09:58:02.205,31.400,0.000079375,0.000050750,0.000042625
1603547882255,2020-10-24T09:58:02.255,31.450,0.000079688,0.000050437,0.000043000
1603547882305,2020-10-24T09:58:02.305,31.500,0.000079375,0.000050750,0.000044125
1603547882355,2020-10-24T09:58:02.355,31.550,0.000080438,0.000050750,0.000045312
1603547882405,2020-10-24T09:58:02.405,31.600,0.000080438,0.000050437,0.000045312
1603547882455,2020-10-24T09:58:02.455,31.650,0.000080438,0.000049687,0.000046063
1603547882505,2020-10-24T09:58:02.505,31.700,0.000080062,0.000050750,0.000044563
1603547882555,2020-10-24T09:58:02.555,31.750,0.000081500,0.000050750,0.000046063
1603547882605,2020-10-24T09:58:02.605,31.800,0.000080812,0.000050062,0.000046063
1603547882655,2020-10-24T09:58:02.655,31.850,0.000079688,0.000049687,0.000045687
1603547882705,2020-10-24T09:58:02.705,31.900,0.000080062,0.000050750,0.000045687
1603547882755,2020-10-24T09:58:02.755,31.950,0.000079688,0.000049313,0.000046063
1603547882805,2020-10-24T09:58:02.805,32.000,0.000079688,0.000050750,0.000046438
1603547882855,2020-10-24T09:58:02.855,32.050,0.000080812,0.000050437,0.000045312
1603547882905,2020-10-24T09:58:02.905,32.100,0.000080438,0.000049687,0.000044563
1603547882955,2020-10-24T09:58:02.955,32.150,0.000079688,0.000050062,0.000045687
1603547883005,2020-10-24T09:58:03.005,32.200,0.000079375,0.000050750,0.000046063
1603547883055,2020-10-24T09:58:03.055,32.250,0.000080062,0.000050437,0.000045312
1603547883105,2020-10-24T09:58:03.105,32.300,0.000079375,0.000050750,0.000044938
1603547883155,2020-10-24T09:58:03.155,32.350,0.000078625,0.000050750,0.000045687
1603547883205,2020-10-24T09:58:03.205,32.400,0.000078625,0.000051125,0.000044500
1603547883255,2020-10-24T09:58:03.255,32.450,0.000078625,0.000051125,0.000045312
1603547883305,2020-10-24T09:58:03.305,32.500,0.000079375,0.000051125,0.000044563
1603547883355,2020-10-24T09:58:03.355,32.550,0.000078250,0.000051500,0.000045687
1603547883405,2020-10-24T09:58:03.405,32.600,0.000078625,0.000051125,0.000044938
1603547883455,2020-10-24T09:58:03.455,32.650,0.000077563,0.000052250,0.000044563
1603547883505,2020-10-24T09:58:03.505,32.700,0.000077875,0.000051875,0.000044188
1603547883555,2020-10-24T09:58:03.555,32.750,0.000078625,0.000051500,0.000046063
1603547883605,2020-10-24T09:58:03.605,32.800,0.000079375,0.000050750,0.000044125
1603547883655,2020-10-24T09:58:03.655,32.850,0.000079375,0.000051875,0.000043750
1603547883705,2020-10-24T09:58:03.705,32.900,0.000077875,0.000051125,0.000045312
1603547883755,2020-10-24T09:58:03.755,32.950,0.000080062,0.000050750,0.000045687
1603547883805,2020-10-24T09:58:03.805,33.000,0.000079000,0.000051500,0.000044188
1603547883855,2020-10-24T09:58:03.855,33.050,0.000079375,0.000050750,0.000044563
1603547883905,2020-10-24T09:58:03.905,33.100,0.000078625,0.000051500,0.000044125
1603547883955,2020-10-24T09:58:03.955,33.150,0.000079000,0.000051125,0.000043750
1603547884005,2020-10-24T09:58:04.005,33.200,0.000077875,0.000050750,0.000043375
1603547884055,2020-10-24T09:58:04.055,33.250,0.000078250,0.000051500,0.000044563
1603547884105,2020-10-24T09:58:04.105,33.300,0.000079375,0.000051125,0.000045687
1603547884155,2020-10-24T09:58:04.155,33.350,0.000079000,0.000050437,0.000044563
1603547884205,2020-10-24T09:58:04.205,33.400,0.000079000,0.000051875,0.000045312
1603547884255,2020-10-24T09:58:04.255,33.450,0.000079000,0.000051125,0.000044938
1603547884305,2020-10-24T09:58:04.305,33.500,0.000078625,0.000050750,0.000044188
1603547884355,2020-10-24T09:58:04.355,33.550,0.000078625,0.000051500,0.000043375
1603547884405,2020-10-24T09:58:04.405,33.600,0.000078250,0.000051500,0.000044563
1603547884455,2020-10-24T09:58:04.455,33.650,0.000079000,0.000052250,0.000044938
1603547884505,2020-10-24T09:58:04.505,33.700,0.000078625,0.000051500,0.000044500
1603547884555,2020-10-24T09:58:04.555,33.750,0.000078250,0.000052250,0.000044125
1603547884605,2020-10-24T09:58:04.605,33.800,0.000077563,0.000051875,0.000044188
1603547884655,2020-10-24T09:58:04.655,33.850,0.000077875,0.000052250,0.000043375
1603547884705,2020-10-24T09:58:04.705,33.900,0.000079000,0.000052250,0.000043750
1603547884755,2020-10-24T09:58:04.755,33.950,0.000078250,0.000051875,0.000043750
1603547884805,2020-10-24T09:58:04.805,34.000,0.000079375,0.000051500,0.000043750
1603547884855,2020-10-24T09:58:04.855,34.050,0.000078625,0.000051500,0.000043375
1603547884905,2020-10-24T09:58:04.905,34.100,0.000079375,0.000051500,0.000043750
1603547884955,2020-10-24T09:58:04.955,34.150,0.000079000,0.000051875,0.000044563
1603547885005,2020-10-24T09:58:05.005,34.200,0.000078625,0.000051875,0.000042625
1603547885055,2020-10-24T09:58:05.055,34.250,0.000078625,0.000051500,0.000043375
1603547885105,2020-10-24T09:58:05.105,34.300,0.000077875,0.000051875,0.000042625
1603547885155,2020-10-24T09:58:05.155,34.350,0.000079000,0.000052250,0.000043812
1603547885205,2020-10-24T09:58:05.205,34.400,0.000078250,0.000051875,0.000043000
1603547885255,2020-10-24T09:58:05.255,34.450,0.000078625,0.000051500,0.000044188
1603547885305,2020-10-24T09:58:05.305,34.500,0.000078625,0.000051875,0.000043375
1603547885355,2020-10-24T09:58:05.355,34.550,0.000078250,0.000051125,0.000044563
1603547885405,2020-10-24T09:58:05.405,34.600,0.000079000,0.000051500,0.000044188
1603547885455,2020-10-24T09:58:05.455,34.650,0.000079000,0.000051875,0.000044938
1603547885505,2020-10-24T09:58:05.505,34.700,0.000078625,0.000050750,0.000043750
1603547885555,2020-10-24T09:58:05.555,34.750,0.000078250,0.000051500,0.000043750
1603547885605,2020-10-24T09:58:05.605,34.800,0.000080062,0.000050750,0.000043750
1603547885655,2020-10-24T09:58:05.655,34.850,0.000078250,0.000050437,0.000043375
1603547885705,2020-10-24T09:58:05.705,34.900,0.000078625,0.000051875,0.000044938
1603547885755,2020-10-24T09:58:05.755,34.950,0.000079000,0.000051125,0.000043000
1603547885805,2020-10-24T09:58:05.805,35.000,0.000079000,0.000050750,0.000044563
1603547885855,2020-10-24T09:58:05.855,35.050,0.000080062,0.000051125,0.000044188
1603547885905,2020-10-24T09:58:05.905,35.100,0.000078250,0.000050750,0.000043375
1603547885955,2020-10-24T09:58:05.955,35.150,0.000078625,0.000052250,0.000044188
1603547886005,2020-10-24T09:58:06.005,35.200,0.000079000,0.000051125,0.000044563
1603547886055,2020-10-24T09:58:06.055,35.250,0.000079000,0.000051875,0.000044188
1603547886105,2020-10-24T09:58:06.105,35.300,0.000079688,0.000051875,0.000044938
1603547886155,2020-10-24T09:58:06.155,35.350,0.000079688,0.000050750,0.000043375
1603547886205,2020-10-24T09:58:06.205,35.400,0.000079375,0.000051500,0.000044563
1603547886255,2020-10-24T09:58:06.255,35.450,0.000079375,0.000051500,0.000044563
1603547886305,2020-10-24T09:58:06.305,35.500,0.000079375,0.000050750,0.000044188
1603547886355,2020-10-24T09:58:06.355,35.550,0.000079375,0.000051500,0.000044188
1603547886405,2020-10-24T09:58:06.405,35.600,0.000079688,0.000050750,0.000044188
1603547886455,2020-10-24T09:58:06.455,35.650,0.000079375,0.000051125,0.000043375
1603547886505,2020-10-24T09:58:06.505,35.700,0.000078250,0.000051125,0.000045312
1603547886555,2020-10-24T09:58:06.555,35.750,0.000079000,0.000050437,0.000043375
1603547886605,2020-10-24T09:58:06.605,35.800,0.000078625,0.000050437,0.000043000
1603547886655,2020-10-24T09:58:06.655,35.850,0.000079000,0.000051500,0.000043000
1603547886705,2020-10-24T09:58:06.705,35.900,0.000079000,0.000051500,0.000045687
1603547886755,2020-10-24T09:58:06.755,35.950,0.000077875,0.000052563,0.000044938
1603547886805,2020-10-24T09:58:06.805,36.000,0.000079688,0.000051875,0.000043750
1603547886855,2020-10-24T09:58:06.855,36.050,0.000078250,0.000051875,0.000043750
1603547886905,2020-10-24T09:58:06.905,36.100,0.000079375,0.000051875,0.000043750
1603547886955,2020-10-24T09:58:06.955,36.150,0.000077875,0.000051500,0.000043812
1603547887005,2020-10-24T09:58:07.005,36.200,0.000077875,0.000052250,0.000043750
1603547887055,2020-10-24T09:58:07.055,36.250,0.000079000,0.000051125,0.000043375
1603547887105,2020-10-24T09:58:07.105,36.300,0.000077875,0.000051125,0.000044563
1603547887155,2020-10-24T09:58:07.155,36.350,0.000078250,0.000051875,0.000043750
1603547887205,2020-10-24T09:58:07.205,36.400,0.000078625,0.000051500,0.000044188
1603547887255,2020-10-24T09:58:07.255,36.450,0.000077187,0.000052250,0.000044188
1603547887305,2020-10-24T09:58:07.305,36.500,0.000077563,0.000051875,0.000043750
1603547887355,2020-10-24T09:58:07.355,36.550,0.000078250,0.000051500,0.000043375
1603547887405,2020-10-24T09:58:07.405,36.600,0.000077875,0.000052250,0.000042250
1603547887455,2020-10-24T09:58:07.455,36.650,0.000079000,0.000051125,0.000044938
1603547887505,2020-10-24T09:58:07.505,36.700,0.000078250,0.000051875,0.000043750
1603547887555,2020-10-24T09:58:07.555,36.750,0.000077875,0.000051500,0.000044563
1603547887605,2020-10-24T09:58:07.605,36.800,0.000079000,0.000051500,0.000043375
1603547887655,2020-10-24T09:58:07.655,36.850,0.000079000,0.000051875,0.000044188
1603547887705,2020-10-24T09:58:07.705,36.900,0.000077875,0.000052250,0.000043375
1603547887755,2020-10-24T09:58:07.755,36.950,0.000078625,0.000051500,0.000044563
1603547887805,2020-10-24T09:58:07.805,37.000,0.000078250,0.000052250,0.000041875
1603547887855,2020-10-24T09:58:07.855,37.050,0.000078625,0.000052937,0.000042625
1603547887905,2020-10-24T09:58:07.905,37.100,0.000078250,0.000051875,0.000043437
1603547887955,2020-10-24T09:58:07.955,37.150,0.000079375,0.000050750,0.000044188
1603547888005,2020-10-24T09:58:08.005,37.200,0.000078625,0.000052250,0.000043375
1603547888055,2020-10-24T09:58:08.055,37.250,0.000080062,0.000052250,0.000043375
1603547888105,2020-10-24T09:58:08.105,37.300,0.000078250,0.000051125,0.000042625
1603547888155,2020-10-24T09:58:08.155,37.350,0.000078250,0.000051875,0.000043375
1603547888205,2020-10-24T09:58:08.205,37.400,0.000079688,0.000052937,0.000043812
1603547888255,2020-10-24T09:58:08.255,37.450,0.000079000,0.000052937,0.000043375
1603547888305,2020-10-24T09:58:08.305,37.500,0.000079000,0.000051500,0.000043000
1603547888355,2020-10-24T09:58:08.355,37.550,0.000079000,0.000052563,0.000043000
1603547888405,2020-10-24T09:58:08.405,37.600,0.000078625,0.000051125,0.000043375
1603547888455,2020-10-24T09:58:08.455,37.650,0.000078625,0.000051125,0.000043375
1603547888505,2020-10-24T09:58:08.505,37.700,0.000078625,0.000051875,0.000043000
1603547888555,2020-10-24T09:58:08.555,37.750,0.000079000,0.000051500,0.000043375
1603547888605,2020-10-24T09:58:08.605,37.800,0.000079000,0.000051125,0.000043000
1603547888655,2020-10-24T09:58:08.655,37.850,0.000079688,0.000051125,0.000044563
1603547888705,2020-10-24T09:58:08.705,37.900,0.000079000,0.000051125,0.000044188
1603547888755,2020-10-24T09:58:08.755,37.950,0.000079000,0.000051500,0.000044188
1603547888805,2020-10-24T09:58:08.805,38.000,0.000078250,0.000051125,0.000045312
1603547888855,2020-10-24T09:58:08.855,38.050,0.000079688,0.000052250,0.000043000
1603547888905,2020-10-24T09:58:08.905,38.100,0.000079375,0.000051500,0.000043750
1603547888955,2020-10-24T09:58:08.955,38.150,0.000079375,0.000051875,0.000043750
1603547889005,2020-10-24T09:58:09.005,38.200,0.000079375,0.000050750,0.000043000
1603547889055,2020-10-24T09:58:09.055,38.250,0.000079375,0.000051500,0.000042250
1603547889105,2020-10-24T09:58:09.105,38.300,0.000079688,0.000051500,0.000044188
1603547889155,2020-10-24T09:58:09.155,38.350,0.000079000,0.000051875,0.000044563
1603547889205,2020-10-24T09:58:09.205,38.400,0.000079000,0.000051500,0.000044188
1603547889255,2020-10-24T09:58:09.255,38.450,0.000078250,0.000051875,0.000043000
1603547889305,2020-10-24T09:58:09.305,38.500,0.000079000,0.000051875,0.000043750
1603547889355,2020-10-24T09:58:09.355,38.550,0.000078625,0.000051875,0.000042625
1603547889405,2020-10-24T09:58:09.405,38.600,0.000079375,0.000051125,0.000043375
1603547889455,2020-10-24T09:58:09.455,38.650,0.000078250,0.000051500,0.000043000
1603547889505,2020-10-24T09:58:09.505,38.700,0.000078250,0.000050750,0.000043750
1603547889555,2020-10-24T09:58:09.555,38.750,0.000078250,0.000051875,0.000044563
1603547889605,2020-10-24T09:58:09.605,38.800,0.000078625,0.000051125,0.000044188
1603547889655,2020-10-24T09:58:09.655,38.850,0.000079375,0.000052250,0.000043375
1603547889705,2020-10-24T09:58:09.705,38.900,0.000077875,0.000052937,0.000043375
1603547889755,2020-10-24T09:58:09.755,38.950,0.000078625,0.000052250,0.000044563
1603547889805,2020-10-24T09:58:09.805,39.000,0.000079000,0.000051875,0.000043375
1603547889855,2020-10-24T09:58:09.855,39.050,0.000078250,0.000051875,0.000043000
1603547889905,2020-10-24T09:58:09.905,39.100,0.000077875,0.000052937,0.000042625
1603547889955,2020-10-24T09:58:09.955,39.150,0.000078625,0.000050437,0.000043000
1603547890005,2020-10-24T09:58:10.005,39.200,0.000079375,0.000051500,0.000043375
1603547890055,2020-10-24T09:58:10.055,39.250,0.000078250,0.000052250,0.000044188
1603547890105,2020-10-24T09:58:10.105,39.300,0.000079000,0.000052250,0.000043750
1603547890155,2020-10-24T09:58:10.155,39.350,0.000079000,0.000051500,0.000043812
1603547890205,2020-10-24T09:58:10.205,39.400,0.000077875,0.000051875,0.000044188
1603547890255,2020-10-24T09:58:10.255,39.450,0.000080062,0.000051500,0.000043375
1603547890305,2020-10-24T09:58:10.305,39.500,0.000079000,0.000051875,0.000043375
1603547890355,2020-10-24T09:58:10.355,39.550,0.000079000,0.000052250,0.000043812
1603547890405,2020-10-24T09:58:10.405,39.600,0.000079375,0.000051500,0.000043812
1603547890455,2020-10-24T09:58:10.455,39.650,0.000079000,0.000051875,0.000044188
1603547890505,2020-10-24T09:58:10.505,39.700,0.000078625,0.000051875,0.000043375
1603547890555,2020-10-24T09:58:10.555,39.750,0.000079000,0.000051500,0.000043750
1603547890605,2020-10-24T09:58:10.605,39.800,0.000078250,0.000051125,0.000044188
1603547890655,2020-10-24T09:58:10.655,39.850,0.000077563,0.000051125,0.000044188
1603547890705,2020-10-24T09:58:10.705,39.900,0.000077875,0.000052250,0.000043750
1603547890755,2020-10-24T09:58:10.755,39.950,0.000078250,0.000051875,0.000043750
1603547890805,2020-10-24T09:58:10.805,40.000,0.000078625,0.000051500,0.000044563
1603547890855,2020-10-24T09:58:10.855,40.050,0.000077875,0.000051875,0.000043375
1603547890905,2020-10-24T09:58:10.905,40.100,0.000078250,0.000051500,0.000043000
1603547890955,2020-10-24T09:58:10.955,40.150,0.000078625,0.000051875,0.000043375
1603547891005,2020-10-24T09:58:11.005,40.200,0.000078250,0.000051875,0.000043750
1603547891055,2020-10-24T09:58:11.055,40.250,0.000079375,0.000050437,0.000044563
1603547891105,2020-10-24T09:58:11.105,40.300,0.000078250,0.000051875,0.000043375
1603547891155,2020-10-24T09:58:11.155,40.350,0.000078625,0.000052563,0.000044188
1603547891205,2020-10-24T09:58:11.205,40.400,0.000078625,0.000052250,0.000043375
1603547891255,2020-10-24T09:58:11.255,40.450,0.000078250,0.000051500,0.000043000
1603547891305,2020-10-24T09:58:11.305,40.500,0.000078250,0.000051875,0.000043750
1603547891355,2020-10-24T09:58:11.355,40.550,0.000077875,0.000052250,0.000043812
1603547891405,2020-10-24T09:58:11.405,40.600,0.000078250,0.000051125,0.000043000
1603547891455,2020-10-24T09:58:11.455,40.650,0.000077563,0.000051500,0.000043750
1603547891505,2020-10-24T09:58:11.505,40.700,0.000078250,0.000052563,0.000043000
1603547891555,2020-10-24T09:58:11.555,40.750,0.000077875,0.000051500,0.000043000
1603547891605,2020-10-24T09:58:11.605,40.800,0.000079375,0.000051875,0.000043375
1603547891655,2020-10-24T09:58:11.655,40.850,0.000078625,0.000051500,0.000043812
1603547891705,2020-10-24T09:58:11.705,40.900,0.000078250,0.000051875,0.000043375
1603547891755,2020-10-24T09:58:11.755,40.950,0.000079000,0.000050750,0.000043000
1603547891805,2020-10-24T09:58:11.805,41.000,0.000079375,0.000051125,0.000044188
1603547891855,2020-10-24T09:58:11.855,41.050,0.000078250,0.000051125,0.000043375
1603547891905,2020-10-24T09:58:11.905,41.100,0.000078250,0.000051125,0.000043812
1603547891955,2020-10-24T09:58:11.955,41.150,0.000079000,0.000050750,0.000043000
1603547892005,2020-10-24T09:58:12.005,41.200,0.000079375,0.000051500,0.000044938
1603547892055,2020-10-24T09:58:12.055,41.250,0.000079000,0.000050750,0.000044188
1603547892105,2020-10-24T09:58:12.105,41.300,0.000079375,0.000051125,0.000045312
1603547892155,2020-10-24T09:58:12.155,41.350,0.000079000,0.000051125,0.000044188
1603547892205,2020-10-24T09:58:12.205,41.400,0.000078625,0.000051500,0.000044188
1603547892255,2020-10-24T09:58:12.255,41.450,0.000080438,0.000051125,0.000044563
1603547892305,2020-10-24T09:58:12.305,41.500,0.000079000,0.000051125,0.000043375
1603547892355,2020-10-24T09:58:12.355,41.550,0.000079375,0.000050750,0.000043750
1603547892405,2020-10-24T09:58:12.405,41.600,0.000078625,0.000050750,0.000044188
1603547892455,2020-10-24T09:58:12.455,41.650,0.000079375,0.000051875,0.000043375
1603547892505,2020-10-24T09:58:12.505,41.700,0.000079375,0.000052250,0.000042250
1603547892555,2020-10-24T09:58:12.555,41.750,0.000079688,0.000051875,0.000044188
1603547892605,2020-10-24T09:58:12.605,41.800,0.000079000,0.000051125,0.000044188
1603547892655,2020-10-24T09:58:12.655,41.850,0.000078625,0.000052563,0.000043750
1603547892705,2020-10-24T09:58:12.705,41.900,0.000079000,0.000051125,0.000044188
1603547892755,2020-10-24T09:58:12.755,41.950,0.000078625,0.000051500,0.000043375
1603547892805,2020-10-24T09:58:12.805,42.000,0.000078250,0.000052937,0.000042625
1603547892855,2020-10-24T09:58:12.855,42.050,0.000079000,0.000052563,0.000042625
1603547892905,2020-10-24T09:58:12.905,42.100,0.000079375,0.000051125,0.000044563
1603547892955,2020-10-24T09:58:12.955,42.150,0.000079375,0.000051125,0.000042625
1603547893005,2020-10-24T09:58:13.005,42.200,0.000078625,0.000052563,0.000043375
1603547893055,2020-10-24T09:58:13.055,42.250,0.000078625,0.000051500,0.000043812
1603547893105,2020-10-24T09:58:13.105,42.300,0.000078625,0.000051875,0.000043750
1603547893155,2020-10-24T09:58:13.155,42.350,0.000079375,0.000050062,0.000043375
1603547893205,2020-10-24T09:58:13.205,42.400,0.000079000,0.000051500,0.000043375
1603547893255,2020-10-24T09:58:13.255,42.450,0.000079000,0.000052250,0.000041875
1603547893305,2020-10-24T09:58:13.305,42.500,0.000079688,0.000052250,0.000042625
1603547893355,2020-10-24T09:58:13.355,42.550,0.000079375,0.000052250,0.000042625
1603547893405,2020-10-24T09:58:13.405,42.600,0.000079000,0.000051875,0.000043750
1603547893455,2020-10-24T09:58:13.455,42.650,0.000078250,0.000051875,0.000041500
1603547893505,2020-10-24T09:58:13.505,42.700,0.000079375,0.000052250,0.000042250
1603547893555,2020-10-24T09:58:13.555,42.750,0.000078250,0.000051875,0.000043000
1603547893605,2020-10-24T09:58:13.605,42.800,0.000079688,0.000051875,0.000043375
1603547893655,2020-10-24T09:58:13.655,42.850,0.000079375,0.000051875,0.000043000
1603547893705,2020-10-24T09:58:13.705,42.900,0.000078625,0.000052250,0.000043000
1603547893755,2020-10-24T09:58:13.755,42.950,0.000079000,0.000051500,0.000042250
1603547893805,2020-10-24T09:58:13.805,43.000,0.000078625,0.000052250,0.000041500
1603547893855,2020-10-24T09:58:13.855,43.050,0.000078625,0.000051125,0.000042625
1603547893905,2020-10-24T09:58:13.905,43.100,0.000079375,0.000051500,0.000043000
1603547893955,2020-10-24T09:58:13.955,43.150,0.000079000,0.000051875,0.000043000
1603547894005,2020-10-24T09:58:14.005,43.200,0.000078250,0.000051875,0.000043375
1603547894055,2020-10-24T09:58:14.055,43.250,0.000078625,0.000051875,0.000043812
1603547894105,2020-10-24T09:58:14.105,43.300,0.000077563,0.000052563,0.000044188
1603547894155,2020-10-24T09:58:14.155,43.350,0.000079375,0.000051875,0.000043812
1603547894205,2020-10-24T09:58:14.205,43.400,0.000078625,0.000052250,0.000043750
1603547894255,2020-10-24T09:58:14.255,43.450,0.000079375,0.000051125,0.000044563
1603547894305,2020-10-24T09:58:14.305,43.500,0.000079375,0.000051125,0.000043375
1603547894355,2020-10-24T09:58:14.355,43.550,0.000078625,0.000051875,0.000044563
1603547894405,2020-10-24T09:58:14.405,43.600,0.000078250,0.000051500,0.000043375
1603547894455,2020-10-24T09:58:14.455,43.650,0.000079000,0.000051875,0.000044563
1603547894505,2020-10-24T09:58:14.505,43.700,0.000078625,0.000051500,0.000042250
1603547894555,2020-10-24T09:58:14.555,43.750,0.000079375,0.000052250,0.000043000
1603547894605,2020-10-24T09:58:14.605,43.800,0.000078625,0.000052250,0.000044188
1603547894655,2020-10-24T09:58:14.655,43.850,0.000080062,0.000051500,0.000042625
1603547894705,2020-10-24T09:58:14.705,43.900,0.000078625,0.000050750,0.000044563
1603547894755,2020-10-24T09:58:14.755,43.950,0.000080438,0.000052563,0.000042625
1603547894805,2020-10-24T09:58:14.805,44.000,0.000079000,0.000051875,0.000043000
1603547894855,2020-10-24T09:58:14.855,44.050,0.000079000,0.000051875,0.000043750
1603547894905,2020-10-24T09:58:14.905,44.100,0.000079375,0.000051875,0.000044563
1603547894955,2020-10-24T09:58:14.955,44.150,0.000078625,0.000051875,0.000044563
1603547895005,2020-10-24T09:58:15.005,44.200,0.000079375,0.000051875,0.000043750
1603547895055,2020-10-24T09:58:15.055,44.250,0.000079688,0.000052563,0.000044188
1603547895105,2020-10-24T09:58:15.105,44.300,0.000078250,0.000051125,0.000043812
1603547895155,2020-10-24T09:58:15.155,44.350,0.000079375,0.000051875,0.000042625
1603547895205,2020-10-24T09:58:15.205,44.400,0.000077875,0.000051500,0.000044188
1603547895255,2020-10-24T09:58:15.255,44.450,0.000078250,0.000052250,0.000043375
1603547895305,2020-10-24T09:58:15.305,44.500,0.000079000,0.000051875,0.000043375
1603547895355,2020-10-24T09:58:15.355,44.550,0.000079000,0.000052250,0.000043375
1603547895405,2020-10-24T09:58:15.405,44.600,0.000077875,0.000050750,0.000044938
1603547895455,2020-10-24T09:58:15.455,44.650,0.000079000,0.000051875,0.000043000
1603547895505,2020-10-24T09:58:15.505,44.700,0.000078250,0.000051500,0.000043000
1603547895555,2020-10-24T09:58:15.555,44.750,0.000078625,0.000051875,0.000043812
1603547895605,2020-10-24T09:58:15.605,44.800,0.000079375,0.000052625,0.000044188
1603547895655,2020-10-24T09:58:15.655,44.850,0.000078250,0.000051875,0.000042625
1603547895705,2020-10-24T09:58:15.705,44.900,0.000079000,0.000052250,0.000043812
1603547895755,2020-10-24T09:58:15.755,44.950,0.000079375,0.000050750,0.000042625
1603547895805,2020-10-24T09:58:15.805,45.000,0.000080062,0.000052250,0.000044563
1603547895855,2020-10-24T09:58:15.855,45.050,0.000079000,0.000051875,0.000042625
1603547895905,2020-10-24T09:58:15.905,45.100,0.000079688,0.000052250,0.000042625
1603547895955,2020-10-24T09:58:15.955,45.150,0.000078250,0.000051875,0.000043375
1603547896005,2020-10-24T09:58:16.005,45.200,0.000079000,0.000051125,0.000043375
1603547896055,2020-10-24T09:58:16.055,45.250,0.000080062,0.000051125,0.000042625
1603547896105,2020-10-24T09:58:16.105,45.300,0.000079375,0.000052250,0.000042250
1603547896155,2020-10-24T09:58:16.155,45.350,0.000078625,0.000051875,0.000043000
1603547896205,2020-10-24T09:58:16.205,45.400,0.000079000,0.000051125,0.000042625
1603547896255,2020-10-24T09:58:16.255,45.450,0.000079375,0.000051500,0.000042625
1603547896305,2020-10-24T09:58:16.305,45.500,0.000079000,0.000051500,0.000043000
1603547896355,2020-10-24T09:58:16.355,45.550,0.000079375,0.000051125,0.000044188
1603547896405,2020-10-24T09:58:16.405,45.600,0.000079000,0.000051500,0.000043000
1603547896455,2020-10-24T09:58:16.455,45.650,0.000079375,0.000051875,0.000043000
1603547896505,2020-10-24T09:58:16.505,45.700,0.000079375,0.000051125,0.000044188
1603547896555,2020-10-24T09:58:16.555,45.750,0.000079375,0.000052625,0.000044188
1603547896605,2020-10-24T09:58:16.605,45.800,0.000079375,0.000052250,0.000044188
1603547896655,2020-10-24T09:58:16.655,45.850,0.000077563,0.000052937,0.000044938
1603547896705,2020-10-24T09:58:16.705,45.900,0.000077875,0.000051875,0.000042625
1603547896755,2020-10-24T09:58:16.755,45.950,0.000079375,0.000052250,0.000043437
1603547896805,2020-10-24T09:58:16.805,46.000,0.000078625,0.000051500,0.000043437
1603547896855,2020-10-24T09:58:16.855,46.050,0.000079688,0.000051500,0.000044188
1603547896905,2020-10-24T09:58:16.905,46.100,0.000078250,0.000052250,0.000043000
1603547896955,2020-10-24T09:58:16.955,46.150,0.000078625,0.000053312,0.000043375
1603547897005,2020-10-24T09:58:17.005,46.200,0.000078250,0.000051500,0.000044563
1603547897055,2020-10-24T09:58:17.055,46.250,0.000077875,0.000052563,0.000043000
1603547897105,2020-10-24T09:58:17.105,46.300,0.000077875,0.000052250,0.000043437
1603547897155,2020-10-24T09:58:17.155,46.350,0.000078625,0.000051500,0.000043437
1603547897205,2020-10-24T09:58:17.205,46.400,0.000077187,0.000051875,0.000042250
1603547897255,2020-10-24T09:58:17.255,46.450,0.000077875,0.000051125,0.000043437
1603547897305,2020-10-24T09:58:17.305,46.500,0.000077875,0.000052250,0.000044563
1603547897355,2020-10-24T09:58:17.355,46.550,0.000077187,0.000052250,0.000043812
1603547897405,2020-10-24T09:58:17.405,46.600,0.000077563,0.000052250,0.000043437
1603547897455,2020-10-24T09:58:17.455,46.650,0.000077563,0.000051125,0.000044563
1603547897505,2020-10-24T09:58:17.505,46.700,0.000078250,0.000051875,0.000044938
1603547897555,2020-10-24T09:58:17.555,46.750,0.000077875,0.000051500,0.000044938
1603547897605,2020-10-24T09:58:17.605,46.800,0.000078250,0.000051500,0.000044188
1603547897655,2020-10-24T09:58:17.655,46.850,0.000077875,0.000052250,0.000045687
1603547897705,2020-10-24T09:58:17.705,46.900,0.000079688,0.000051500,0.000043812
1603547897755,2020-10-24T09:58:17.755,46.950,0.000079375,0.000051500,0.000043812
1603547897805,2020-10-24T09:58:17.805,47.000,0.000080062,0.000051500,0.000043000
1603547897855,2020-10-24T09:58:17.855,47.050,0.000079688,0.000051875,0.000043812
1603547897905,2020-10-24T09:58:17.905,47.100,0.000081500,0.000050750,0.000042250
1603547897955,2020-10-24T09:58:17.955,47.150,0.000081500,0.000051500,0.000043437
1603547898005,2020-10-24T09:58:18.005,47.200,0.000083000,0.000051500,0.000042250
1603547898055,2020-10-24T09:58:18.055,47.250,0.000083687,0.000049687,0.000042625
1603547898105,2020-10-24T09:58:18.105,47.300,0.000084812,0.000051125,0.000042250
1603547898155,2020-10-24T09:58:18.155,47.350,0.000085500,0.000049687,0.000040688
1603547898205,2020-10-24T09:58:18.205,47.400,0.000085875,0.000049687,0.000041125
1603547898255,2020-10-24T09:58:18.255,47.450,0.000086250,0.000049687,0.000040688
1603547898305,2020-10-24T09:58:18.305,47.500,0.000084812,0.000050062,0.000042250
1603547898355,2020-10-24T09:58:18.355,47.550,0.000086250,0.000050062,0.000042250
1603547898405,2020-10-24T09:58:18.405,47.600,0.000084812,0.000049313,0.000041125
1603547898455,2020-10-24T09:58:18.455,47.650,0.000085125,0.000049687,0.000041875
1603547898505,2020-10-24T09:58:18.505,47.700,0.000084812,0.000049687,0.000041500
1603547898555,2020-10-24T09:58:18.555,47.750,0.000085125,0.000049313,0.000041875
1603547898605,2020-10-24T09:58:18.605,47.800,0.000085125,0.000050062,0.000041500
1603547898655,2020-10-24T09:58:18.655,47.850,0.000085125,0.000050750,0.000042250
1603547898705,2020-10-24T09:58:18.705,47.900,0.000084062,0.000050062,0.000041875
1603547898755,2020-10-24T09:58:18.755,47.950,0.000084062,0.000050437,0.000043000
1603547898805,2020-10-24T09:58:18.805,48.000,0.000084812,0.000050062,0.000043000
1603547898855,2020-10-24T09:58:18.855,48.050,0.000084812,0.000050437,0.000042625
1603547898905,2020-10-24T09:58:18.905,48.100,0.000083313,0.000049313,0.000043000
1603547898955,2020-10-24T09:58:18.955,48.150,0.000084812,0.000050437,0.000043437
1603547899005,2020-10-24T09:58:19.005,48.200,0.000084812,0.000049687,0.000042688
1603547899055,2020-10-24T09:58:19.055,48.250,0.000085500,0.000050437,0.000043000
1603547899105,2020-10-24T09:58:19.105,48.300,0.000084438,0.000050062,0.000042625
1603547899155,2020-10-24T09:58:19.155,48.350,0.000082625,0.000050750,0.000042250
1603547899205,2020-10-24T09:58:19.205,48.400,0.000083000,0.000049687,0.000043063
1603547899255,2020-10-24T09:58:19.255,48.450,0.000083687,0.000050750,0.000042250
1603547899305,2020-10-24T09:58:19.305,48.500,0.000083375,0.000050062,0.000042250
1603547899355,2020-10-24T09:58:19.355,48.550,0.000083313,0.000050437,0.000042625
1603547899405,2020-10-24T09:58:19.405,48.600,0.000084062,0.000049687,0.000042250
1603547899455,2020-10-24T09:58:19.455,48.650,0.000083687,0.000050062,0.000042250
1603547899505,2020-10-24T09:58:19.505,48.700,0.000084062,0.000049687,0.000041875
1603547899555,2020-10-24T09:58:19.555,48.750,0.000083687,0.000049687,0.000042625
1603547899605,2020-10-24T09:58:19.605,48.800,0.000084438,0.000050750,0.000042250
1603547899655,2020-10-24T09:58:19.655,48.850,0.000083000,0.000049687,0.000042625
1603547899705,2020-10-24T09:58:19.705,48.900,0.000083687,0.000050437,0.000042625
1603547899755,2020-10-24T09:58:19.755,48.950,0.000083000,0.000049313,0.000042250
1603547899805,2020-10-24T09:58:19.805,49.000,0.000084062,0.000051125,0.000043063
1603547899855,2020-10-24T09:58:19.855,49.050,0.000082625,0.000050062,0.000042250
1603547899905,2020-10-24T09:58:19.905,49.100,0.000083000,0.000050062,0.000041875
1603547899955,2020-10-24T09:58:19.955,49.150,0.000083313,0.000049687,0.000043000
1603547900005,2020-10-24T09:58:20.005,49.200,0.000084062,0.000049313,0.000042250
1603547900055,2020-10-24T09:58:20.055,49.250,0.000083000,0.000050813,0.000042688
1603547900105,2020-10-24T09:58:20.105,49.300,0.000083687,0.000050813,0.000042688
1603547900155,2020-10-24T09:58:20.155,49.350,0.000083313,0.000050750,0.000042250
1603547900205,2020-10-24T09:58:20.205,49.400,0.000084438,0.000051125,0.000043063
1603547900255,2020-10-24T09:58:20.255,49.450,0.000084062,0.000050750,0.000043000
1603547900305,2020-10-24T09:58:20.305,49.500,0.000084438,0.000050437,0.000043812
1603547900355,2020-10-24T09:58:20.355,49.550,0.000083000,0.000050437,0.000041875
1603547900405,2020-10-24T09:58:20.405,49.600,0.000082625,0.000049687,0.000043063
1603547900455,2020-10-24T09:58:20.455,49.650,0.000082625,0.000049687,0.000042688
1603547900505,2020-10-24T09:58:20.505,49.700,0.000082625,0.000050062,0.000042250
1603547900555,2020-10-24T09:58:20.555,49.750,0.000083000,0.000050750,0.000043000
1603547900605,2020-10-24T09:58:20.605,49.800,0.000083000,0.000051125,0.000042625
1603547900655,2020-10-24T09:58:20.655,49.850,0.000083687,0.000050437,0.000043063
1603547900705,2020-10-24T09:58:20.705,49.900,0.000083000,0.000050750,0.000042625
1603547900755,2020-10-24T09:58:20.755,49.950,0.000082625,0.000050062,0.000043437
1603547900805,2020-10-24T09:58:20.805,50.000,0.000081875,0.000050437,0.000043000
1603547900855,2020-10-24T09:58:20.855,50.050,0.000083375,0.000050437,0.000043812
1603547900905,2020-10-24T09:58:20.905,50.100,0.000083313,0.000050750,0.000044188
1603547900955,2020-10-24T09:58:20.955,50.150,0.000082250,0.000050062,0.000041875
1603547901005,2020-10-24T09:58:21.005,50.200,0.000084062,0.000050062,0.000042688
1603547901055,2020-10-24T09:58:21.055,50.250,0.000082250,0.000050062,0.000043437
1603547901105,2020-10-24T09:58:21.105,50.300,0.000083000,0.000050062,0.000044188
1603547901155,2020-10-24T09:58:21.155,50.350,0.000083313,0.000049687,0.000043437
1603547901205,2020-10-24T09:58:21.205,50.400,0.000082250,0.000049687,0.000042625
1603547901255,2020-10-24T09:58:21.255,50.450,0.000083687,0.000050750,0.000043812
1603547901305,2020-10-24T09:58:21.305,50.500,0.000082250,0.000049687,0.000044563
1603547901355,2020-10-24T09:58:21.355,50.550,0.000081875,0.000051125,0.000043437
1603547901405,2020-10-24T09:58:21.405,50.600,0.000081875,0.000050437,0.000043437
1603547901455,2020-10-24T09:58:21.455,50.650,0.000081875,0.000050437,0.000044188
1603547901505,2020-10-24T09:58:21.505,50.700,0.000081875,0.000050062,0.000044188
1603547901555,2020-10-24T09:58:21.555,50.750,0.000083000,0.000049687,0.000043000
1603547901605,2020-10-24T09:58:21.605,50.800,0.000082625,0.000050062,0.000043437
1603547901655,2020-10-24T09:58:21.655,50.850,0.000084062,0.000050750,0.000042250
1603547901705,2020-10-24T09:58:21.705,50.900,0.000084062,0.000049687,0.000042625
1603547901755,2020-10-24T09:58:21.755,50.950,0.000084062,0.000049313,0.000044188
1603547901805,2020-10-24T09:58:21.805,51.000,0.000085188,0.000049687,0.000043063
1603547901855,2020-10-24T09:58:21.855,51.050,0.000084438,0.000050062,0.000040750
1603547901905,2020-10-24T09:58:21.905,51.100,0.000084812,0.000049313,0.000041875
1603547901955,2020-10-24T09:58:21.955,51.150,0.000085125,0.000050062,0.000043000
1603547902005,2020-10-24T09:58:22.005,51.200,0.000084062,0.000049687,0.000041875
1603547902055,2020-10-24T09:58:22.055,51.250,0.000084062,0.000050062,0.000042250
1603547902105,2020-10-24T09:58:22.105,51.300,0.000084438,0.000050062,0.000043000
1603547902155,2020-10-24T09:58:22.155,51.350,0.000084438,0.000050062,0.000041875
1603547902205,2020-10-24T09:58:22.205,51.400,0.000085125,0.000050062,0.000042625
1603547902255,2020-10-24T09:58:22.255,51.450,0.000084812,0.000049313,0.000043812
1603547902305,2020-10-24T09:58:22.305,51.500,0.000084438,0.000050813,0.000043063
1603547902355,2020-10-24T09:58:22.355,51.550,0.000084438,0.000049000,0.000042688
1603547902405,2020-10-24T09:58:22.405,51.600,0.000083313,0.000050062,0.000043437
1603547902455,2020-10-24T09:58:22.455,51.650,0.000079688,0.000051125,0.000043812
1603547902505,2020-10-24T09:58:22.505,51.700,0.000077563,0.000051500,0.000044563
1603547902555,2020-10-24T09:58:22.555,51.750,0.000073562,0.000052250,0.000044188
1603547902605,2020-10-24T09:58:22.605,51.800,0.000070625,0.000053312,0.000043063
1603547902655,2020-10-24T09:58:22.655,51.850,0.000068813,0.000053688,0.000044188
1603547902705,2020-10-24T09:58:22.705,51.900,0.000065938,0.000052937,0.000044188
1603547902755,2020-10-24T09:58:22.755,51.950,0.000065562,0.000052250,0.000044563
1603547902805,2020-10-24T09:58:22.805,52.000,0.000065938,0.000053312,0.000044188
1603547902855,2020-10-24T09:58:22.855,52.050,0.000065562,0.000051875,0.000043063
1603547902905,2020-10-24T09:58:22.905,52.100,0.000066313,0.000052563,0.000043437
1603547902955,2020-10-24T09:58:22.955,52.150,0.000066687,0.000052937,0.000043063
1603547903005,2020-10-24T09:58:23.005,52.200,0.000066313,0.000053312,0.000043812
1603547903055,2020-10-24T09:58:23.055,52.250,0.000066313,0.000052563,0.000043812
1603547903105,2020-10-24T09:58:23.105,52.300,0.000066687,0.000052937,0.000044563
1603547903155,2020-10-24T09:58:23.155,52.350,0.000068500,0.000052937,0.000043437
1603547903205,2020-10-24T09:58:23.205,52.400,0.000067375,0.000052563,0.000044938
1603547903255,2020-10-24T09:58:23.255,52.450,0.000068125,0.000051875,0.000044938
1603547903305,2020-10-24T09:58:23.305,52.500,0.000068813,0.000052937,0.000044938
1603547903355,2020-10-24T09:58:23.355,52.550,0.000069562,0.000052937,0.000045312
1603547903405,2020-10-24T09:58:23.405,52.600,0.000069562,0.000052625,0.000045000
1603547903455,2020-10-24T09:58:23.455,52.650,0.000071750,0.000052625,0.000044563
1603547903505,2020-10-24T09:58:23.505,52.700,0.000071375,0.000052937,0.000043812
1603547903555,2020-10-24T09:58:23.555,52.750,0.000071000,0.000053688,0.000043437
1603547903605,2020-10-24T09:58:23.605,52.800,0.000072125,0.000052937,0.000044938
1603547903655,2020-10-24T09:58:23.655,52.850,0.000071750,0.000052625,0.000045000
1603547903705,2020-10-24T09:58:23.705,52.900,0.000072125,0.000052250,0.000044563
1603547903755,2020-10-24T09:58:23.755,52.950,0.000071000,0.000053312,0.000043812
1603547903805,2020-10-24T09:58:23.805,53.000,0.000071375,0.000052563,0.000045312
1603547903855,2020-10-24T09:58:23.855,53.050,0.000072437,0.000052250,0.000043812
1603547903905,2020-10-24T09:58:23.905,53.100,0.000071750,0.000053312,0.000044188
1603547903955,2020-10-24T09:58:23.955,53.150,0.000071000,0.000052563,0.000045312
1603547904005,2020-10-24T09:58:24.005,53.200,0.000071375,0.000052937,0.000044938
1603547904055,2020-10-24T09:58:24.055,53.250,0.000071750,0.000052625,0.000044938
1603547904105,2020-10-24T09:58:24.105,53.300,0.000072813,0.000051500,0.000046125
1603547904155,2020-10-24T09:58:24.155,53.350,0.000072813,0.000052937,0.000046125
1603547904205,2020-10-24T09:58:24.205,53.400,0.000072125,0.000052937,0.000043437
1603547904255,2020-10-24T09:58:24.255,53.450,0.000072437,0.000052937,0.000043437
1603547904305,2020-10-24T09:58:24.305,53.500,0.000071750,0.000053688,0.000043063
1603547904355,2020-10-24T09:58:24.355,53.550,0.000073187,0.000052563,0.000042250
1603547904405,2020-10-24T09:58:24.405,53.600,0.000072125,0.000053312,0.000041875
1603547904455,2020-10-24T09:58:24.455,53.650,0.000071750,0.000052937,0.000043063
1603547904505,2020-10-24T09:58:24.505,53.700,0.000072125,0.000052937,0.000041875
1603547904555,2020-10-24T09:58:24.555,53.750,0.000072125,0.000052250,0.000041875
1603547904605,2020-10-24T09:58:24.605,53.800,0.000072813,0.000053688,0.000041500
1603547904655,2020-10-24T09:58:24.655,53.850,0.000072813,0.000053312,0.000040750
1603547904705,2020-10-24T09:58:24.705,53.900,0.000071000,0.000055125,0.000042250
1603547904755,2020-10-24T09:58:24.755,53.950,0.000071750,0.000052937,0.000041875
1603547904805,2020-10-24T09:58:24.805,54.000,0.000071750,0.000053312,0.000043063
1603547904855,2020-10-24T09:58:24.855,54.050,0.000071000,0.000053312,0.000041500
1603547904905,2020-10-24T09:58:24.905,54.100,0.000071000,0.000052625,0.000041875
1603547904955,2020-10-24T09:58:24.955,54.150,0.000071750,0.000053688,0.000041500
1603547905005,2020-10-24T09:58:25.005,54.200,0.000071750,0.000053312,0.000041125
1603547905055,2020-10-24T09:58:25.055,54.250,0.000072125,0.000053312,0.000041125
1603547905105,2020-10-24T09:58:25.105,54.300,0.000073187,0.000053688,0.000041125
1603547905155,2020-10-24T09:58:25.155,54.350,0.000073187,0.000053312,0.000041125
1603547905205,2020-10-24T09:58:25.205,54.400,0.000072437,0.000053312,0.000041875
1603547905255,2020-10-24T09:58:25.255,54.450,0.000072125,0.000054063,0.000042250
1603547905305,2020-10-24T09:58:25.305,54.500,0.000071750,0.000053312,0.000040750
1603547905355,2020-10-24T09:58:25.355,54.550,0.000073562,0.000053312,0.000041125
1603547905405,2020-10-24T09:58:25.405,54.600,0.000072437,0.000054375,0.000041125
1603547905455,2020-10-24T09:58:25.455,54.650,0.000072125,0.000053688,0.000041500
1603547905505,2020-10-24T09:58:25.505,54.700,0.000072125,0.000053312,0.000042250
1603547905555,2020-10-24T09:58:25.555,54.750,0.000072437,0.000052937,0.000041125
1603547905605,2020-10-24T09:58:25.605,54.800,0.000072125,0.000053688,0.000041125
1603547905655,2020-10-24T09:58:25.655,54.850,0.000073187,0.000054063,0.000041875
1603547905705,2020-10-24T09:58:25.705,54.900,0.000073938,0.000054063,0.000041125
1603547905755,2020-10-24T09:58:25.755,54.950,0.000072813,0.000054063,0.000041500
1603547905805,2020-10-24T09:58:25.805,55.000,0.000072125,0.000054063,0.000041500
1603547905855,2020-10-24T09:58:25.855,55.050,0.000072813,0.000052937,0.000040688
1603547905905,2020-10-24T09:58:25.905,55.100,0.000075000,0.000053688,0.000041875
1603547905955,2020-10-24T09:58:25.955,55.150,0.000076062,0.000053312,0.000042250
1603547906005,2020-10-24T09:58:26.005,55.200,0.000076813,0.000052937,0.000043000
1603547906055,2020-10-24T09:58:26.055,55.250,0.000079000,0.000052250,0.000044188
1603547906105,2020-10-24T09:58:26.105,55.300,0.000079688,0.000050750,0.000043375
1603547906155,2020-10-24T09:58:26.155,55.350,0.000078625,0.000051125,0.000044938
1603547906205,2020-10-24T09:58:26.205,55.400,0.000080062,0.000051125,0.000046500
1603547906255,2020-10-24T09:58:26.255,55.450,0.000079375,0.000050750,0.000046125
1603547906305,2020-10-24T09:58:26.305,55.500,0.000079688,0.000050062,0.000046875
1603547906355,2020-10-24T09:58:26.355,55.550,0.000080062,0.000049313,0.000047687
1603547906405,2020-10-24T09:58:26.405,55.600,0.000079688,0.000048625,0.000048813
1603547906455,2020-10-24T09:58:26.455,55.650,0.000081187,0.000049313,0.000049187
1603547906505,2020-10-24T09:58:26.505,55.700,0.000080062,0.000048250,0.000049937
1603547906555,2020-10-24T09:58:26.555,55.750,0.000081187,0.000047875,0.000049937
1603547906605,2020-10-24T09:58:26.605,55.800,0.000081875,0.000048250,0.000049562
1603547906655,2020-10-24T09:58:26.655,55.850,0.000082625,0.000047875,0.000049937
1603547906705,2020-10-24T09:58:26.705,55.900,0.000083313,0.000047875,0.000049937
1603547906755,2020-10-24T09:58:26.755,55.950,0.000083313,0.000047500,0.000049937
1603547906805,2020-10-24T09:58:26.805,56.000,0.000083687,0.000046438,0.000050688
1603547906855,2020-10-24T09:58:26.855,56.050,0.000082250,0.000047125,0.000050313
1603547906905,2020-10-24T09:58:26.905,56.100,0.000083687,0.000047500,0.000049937
1603547906955,2020-10-24T09:58:26.955,56.150,0.000083313,0.000047125,0.000049562
1603547907005,2020-10-24T09:58:27.005,56.200,0.000083313,0.000046812,0.000050750
1603547907055,2020-10-24T09:58:27.055,56.250,0.000083000,0.000046812,0.000049187
1603547907105,2020-10-24T09:58:27.105,56.300,0.000084062,0.000046438,0.000049937
1603547907155,2020-10-24T09:58:27.155,56.350,0.000083000,0.000045687,0.000050688
1603547907205,2020-10-24T09:58:27.205,56.400,0.000082625,0.000046438,0.000050375
1603547907255,2020-10-24T09:58:27.255,56.450,0.000084062,0.000046812,0.000051125
1603547907305,2020-10-24T09:58:27.305,56.500,0.000084062,0.000046438,0.000049937
1603547907355,2020-10-24T09:58:27.355,56.550,0.000082250,0.000046812,0.000050313
1603547907405,2020-10-24T09:58:27.405,56.600,0.000083375,0.000046063,0.000050750
1603547907455,2020-10-24T09:58:27.455,56.650,0.000084812,0.000045687,0.000050375
1603547907505,2020-10-24T09:58:27.505,56.700,0.000084062,0.000046063,0.000050688
1603547907555,2020-10-24T09:58:27.555,56.750,0.000084438,0.000046063,0.000049187
1603547907605,2020-10-24T09:58:27.605,56.800,0.000084438,0.000046438,0.000050000
1603547907655,2020-10-24T09:58:27.655,56.850,0.000084812,0.000044625,0.000050375
1603547907705,2020-10-24T09:58:27.705,56.900,0.000085188,0.000045687,0.000050375
1603547907755,2020-10-24T09:58:27.755,56.950,0.000084812,0.000046063,0.000049562
1603547907805,2020-10-24T09:58:27.805,57.000,0.000085125,0.000046063,0.000049937
1603547907855,2020-10-24T09:58:27.855,57.050,0.000085875,0.000045000,0.000049937
1603547907905,2020-10-24T09:58:27.905,57.100,0.000084812,0.000045375,0.000050750
1603547907955,2020-10-24T09:58:27.955,57.150,0.000085500,0.000047187,0.000050375
1603547908005,2020-10-24T09:58:28.005,57.200,0.000085125,0.000045687,0.000050313
1603547908055,2020-10-24T09:58:28.055,57.250,0.000085188,0.000046812,0.000051500
1603547908105,2020-10-24T09:58:28.105,57.300,0.000084438,0.000045375,0.000051500
1603547908155,2020-10-24T09:58:28.155,57.350,0.000084062,0.000045687,0.000050375
1603547908205,2020-10-24T09:58:28.205,57.400,0.000084812,0.000045687,0.000049187
1603547908255,2020-10-24T09:58:28.255,57.450,0.000085500,0.000046812,0.000049937
1603547908305,2020-10-24T09:58:28.305,57.500,0.000086625,0.000046063,0.000050688
1603547908355,2020-10-24T09:58:28.355,57.550,0.000085500,0.000046812,0.000049562
1603547908405,2020-10-24T09:58:28.405,57.600,0.000085188,0.000046438,0.000049937
1603547908455,2020-10-24T09:58:28.455,57.650,0.000084812,0.000046812,0.000049187
1603547908505,2020-10-24T09:58:28.505,57.700,0.000084062,0.000046812,0.000049937
1603547908555,2020-10-24T09:58:28.555,57.750,0.000084812,0.000047500,0.000048438
1603547908605,2020-10-24T09:58:28.605,57.800,0.000084062,0.000046438,0.000049187
1603547908655,2020-10-24T09:58:28.655,57.850,0.000084812,0.000046438,0.000049937
1603547908705,2020-10-24T09:58:28.705,57.900,0.000084812,0.000046063,0.000049562
1603547908755,2020-10-24T09:58:28.755,57.950,0.000083687,0.000046812,0.000050000
1603547908805,2020-10-24T09:58:28.805,58.000,0.000083687,0.000047875,0.000048438
1603547908855,2020-10-24T09:58:28.855,58.050,0.000083375,0.000046812,0.000049937
1603547908905,2020-10-24T09:58:28.905,58.100,0.000084062,0.000047500,0.000049187
1603547908955,2020-10-24T09:58:28.955,58.150,0.000083375,0.000046812,0.000048438
1603547909005,2020-10-24T09:58:29.005,58.200,0.000084062,0.000047875,0.000049937
1603547909055,2020-10-24T09:58:29.055,58.250,0.000083000,0.000048250,0.000048813
1603547909105,2020-10-24T09:58:29.105,58.300,0.000083000,0.000048625,0.000048813
1603547909155,2020-10-24T09:58:29.155,58.350,0.000082250,0.000048625,0.000048438
1603547909205,2020-10-24T09:58:29.205,58.400,0.000083687,0.000049313,0.000048438
1603547909255,2020-10-24T09:58:29.255,58.450,0.000081875,0.000047875,0.000049562
1603547909305,2020-10-24T09:58:29.305,58.500,0.000081875,0.000049000,0.000048062
1603547909355,2020-10-24T09:58:29.355,58.550,0.000082625,0.000048625,0.000048062
1603547909405,2020-10-24T09:58:29.405,58.600,0.000082250,0.000047875,0.000047625
1603547909455,2020-10-24T09:58:29.455,58.650,0.000081187,0.000048625,0.000048813
1603547909505,2020-10-24T09:58:29.505,58.700,0.000080438,0.000049313,0.000047250
1603547909555,2020-10-24T09:58:29.555,58.750,0.000081187,0.000049313,0.000048062
1603547909605,2020-10-24T09:58:29.605,58.800,0.000081563,0.000049313,0.000047250
1603547909655,2020-10-24T09:58:29.655,58.850,0.000080062,0.000049313,0.000046875
1603547909705,2020-10-24T09:58:29.705,58.900,0.000080438,0.000049313,0.000048438
1603547909755,2020-10-24T09:58:29.755,58.950,0.000080812,0.000049687,0.000046875
1603547909805,2020-10-24T09:58:29.805,59.000,0.000080438,0.000050437,0.000046938
1603547909855,2020-10-24T09:58:29.855,59.050,0.000081875,0.000049313,0.000046875
1603547909905,2020-10-24T09:58:29.905,59.100,0.000081563,0.000048625,0.000045750
1603547909955,2020-10-24T09:58:29.955,59.150,0.000080812,0.000049313,0.000045375
1603547910005,2020-10-24T09:58:30.005,59.200,0.000081875,0.000050062,0.000045000
1603547910055,2020-10-24T09:58:30.055,59.250,0.000083000,0.000050062,0.000046500
1603547910105,2020-10-24T09:58:30.105,59.300,0.000081875,0.000050062,0.000045375
1603547910155,2020-10-24T09:58:30.155,59.350,0.000083687,0.000049687,0.000045375
1603547910205,2020-10-24T09:58:30.205,59.400,0.000082250,0.000049687,0.000044188
1603547910255,2020-10-24T09:58:30.255,59.450,0.000082625,0.000050062,0.000044563
1603547910305,2020-10-24T09:58:30.305,59.500,0.000081875,0.000050813,0.000043437
1603547910355,2020-10-24T09:58:30.355,59.550,0.000083000,0.000050437,0.000043812
1603547910405,2020-10-24T09:58:30.405,59.600,0.000081875,0.000050813,0.000043812
1603547910455,2020-10-24T09:58:30.455,59.650,0.000081875,0.000051500,0.000042688
1603547910505,2020-10-24T09:58:30.505,59.700,0.000081500,0.000049313,0.000043437
1603547910555,2020-10-24T09:58:30.555,59.750,0.000082250,0.000051500,0.000043063
1603547910605,2020-10-24T09:58:30.605,59.800,0.000082250,0.000050813,0.000041875
1603547910655,2020-10-24T09:58:30.655,59.850,0.000081500,0.000051125,0.000042250
1603547910705,2020-10-24T09:58:30.705,59.900,0.000081187,0.000051500,0.000042688
1603547910755,2020-10-24T09:58:30.755,59.950,0.000081187,0.000050813,0.000042688
1603547910805,2020-10-24T09:58:30.805,60.000,0.000080812,0.000051125,0.000042250
1603547910855,2020-10-24T09:58:30.855,60.050,0.000081563,0.000051875,0.000042688
1603547910905,2020-10-24T09:58:30.905,60.100,0.000081187,0.000050437,0.000041875
1603547910955,2020-10-24T09:58:30.955,60.150,0.000080812,0.000051500,0.000043437
1603547911005,2020-10-24T09:58:31.005,60.200,0.000081875,0.000051500,0.000043812
1603547911055,2020-10-24T09:58:31.055,60.250,0.000081187,0.000051500,0.000043063
1603547911105,2020-10-24T09:58:31.105,60.300,0.000081563,0.000051500,0.000043812
1603547911155,2020-10-24T09:58:31.155,60.350,0.000080438,0.000051500,0.000042688
1603547911205,2020-10-24T09:58:31.205,60.400,0.000081500,0.000051500,0.000043063
1603547911255,2020-10-24T09:58:31.255,60.450,0.000081187,0.000051875,0.000043063
1603547911305,2020-10-24T09:58:31.305,60.500,0.000080438,0.000052937,0.000044188
1603547911355,2020-10-24T09:58:31.355,60.550,0.000081500,0.000051125,0.000041875
1603547911405,2020-10-24T09:58:31.405,60.600,0.000081187,0.000051500,0.000043063
1603547911455,2020-10-24T09:58:31.455,60.650,0.000081563,0.000050813,0.000043812
1603547911505,2020-10-24T09:58:31.505,60.700,0.000080438,0.000052250,0.000043812
1603547911555,2020-10-24T09:58:31.555,60.750,0.000081875,0.000051875,0.000043812
1603547911605,2020-10-24T09:58:31.605,60.800,0.000080812,0.000051500,0.000042688
1603547911655,2020-10-24T09:58:31.655,60.850,0.000080812,0.000052625,0.000043063
1603547911705,2020-10-24T09:58:31.705,60.900,0.000081563,0.000051875,0.000043812
1603547911755,2020-10-24T09:58:31.755,60.950,0.000079750,0.000051500,0.000042688
1603547911805,2020-10-24T09:58:31.805,61.000,0.000080812,0.000050813,0.000043437
1603547911855,2020-10-24T09:58:31.855,61.050,0.000081187,0.000051125,0.000044188
1603547911905,2020-10-24T09:58:31.905,61.100,0.000080438,0.000051875,0.000043437
1603547911955,2020-10-24T09:58:31.955,61.150,0.000080438,0.000049313,0.000043063
1603547912005,2020-10-24T09:58:32.005,61.200,0.000080062,0.000051125,0.000043812
1603547912055,2020-10-24T09:58:32.055,61.250,0.000079375,0.000051125,0.000043812
1603547912105,2020-10-24T09:58:32.105,61.300,0.000080438,0.000050062,0.000043812
1603547912155,2020-10-24T09:58:32.155,61.350,0.000081187,0.000051125,0.000044188
1603547912205,2020-10-24T09:58:32.205,61.400,0.000080062,0.000051875,0.000043812
1603547912255,2020-10-24T09:58:32.255,61.450,0.000081187,0.000051125,0.000045375
1603547912305,2020-10-24T09:58:32.305,61.500,0.000079750,0.000052250,0.000044563
1603547912355,2020-10-24T09:58:32.355,61.550,0.000080438,0.000052625,0.000043063
1603547912405,2020-10-24T09:58:32.405,61.600,0.000079750,0.000051875,0.000043063
1603547912455,2020-10-24T09:58:32.455,61.650,0.000080062,0.000052625,0.000042688
1603547912505,2020-10-24T09:58:32.505,61.700,0.000080812,0.000051125,0.000041875
1603547912555,2020-10-24T09:58:32.555,61.750,0.000080062,0.000052625,0.000043812
1603547912605,2020-10-24T09:58:32.605,61.800,0.000080062,0.000051500,0.000042688
1603547912655,2020-10-24T09:58:32.655,61.850,0.000081563,0.000051125,0.000041500
1603547912705,2020-10-24T09:58:32.705,61.900,0.000081563,0.000051875,0.000043063
1603547912755,2020-10-24T09:58:32.755,61.950,0.000080812,0.000052625,0.000042688
1603547912805,2020-10-24T09:58:32.805,62.000,0.000080812,0.000051875,0.000042688
1603547912855,2020-10-24T09:58:32.855,62.050,0.000081187,0.000051125,0.000043063
1603547912905,2020-10-24T09:58:32.905,62.100,0.000080438,0.000051875,0.000043063
1603547912955,2020-10-24T09:58:32.955,62.150,0.000080062,0.000050813,0.000042312
1603547913005,2020-10-24T09:58:33.005,62.200,0.000080812,0.000052250,0.000043063
1603547913055,2020-10-24T09:58:33.055,62.250,0.000080812,0.000051500,0.000042688
1603547913105,2020-10-24T09:58:33.105,62.300,0.000080812,0.000051500,0.000041875
1603547913155,2020-10-24T09:58:33.155,62.350,0.000081187,0.000051125,0.000042312
1603547913205,2020-10-24T09:58:33.205,62.400,0.000080812,0.000051125,0.000042312
1603547913255,2020-10-24T09:58:33.255,62.450,0.000080438,0.000051875,0.000041875
1603547913305,2020-10-24T09:58:33.305,62.500,0.000081187,0.000051125,0.000040750
1603547913355,2020-10-24T09:58:33.355,62.550,0.000080812,0.000051125,0.000041875
1603547913405,2020-10-24T09:58:33.405,62.600,0.000081187,0.000051125,0.000042688
1603547913455,2020-10-24T09:58:33.455,62.650,0.000081563,0.000050813,0.000042688
1603547913505,2020-10-24T09:58:33.505,62.700,0.000081875,0.000050813,0.000041500
1603547913555,2020-10-24T09:58:33.555,62.750,0.000080812,0.000051875,0.000042688
1603547913605,2020-10-24T09:58:33.605,62.800,0.000081875,0.000052250,0.000041125
1603547913655,2020-10-24T09:58:33.655,62.850,0.000081563,0.000051500,0.000043063
1603547913705,2020-10-24T09:58:33.705,62.900,0.000080438,0.000051500,0.000043063
1603547913755,2020-10-24T09:58:33.755,62.950,0.000080812,0.000051125,0.000042688
1603547913805,2020-10-24T09:58:33.805,63.000,0.000080438,0.000051875,0.000043437
1603547913855,2020-10-24T09:58:33.855,63.050,0.000081563,0.000051125,0.000042688
1603547913905,2020-10-24T09:58:33.905,63.100,0.000080438,0.000050437,0.000043437
1603547913955,2020-10-24T09:58:33.955,63.150,0.000080812,0.000051125,0.000044188
1603547914005,2020-10-24T09:58:34.005,63.200,0.000081187,0.000051500,0.000043437
1603547914055,2020-10-24T09:58:34.055,63.250,0.000080812,0.000051500,0.000041875
1603547914105,2020-10-24T09:58:34.105,63.300,0.000081187,0.000051125,0.000042250
1603547914155,2020-10-24T09:58:34.155,63.350,0.000080812,0.000051125,0.000043063
1603547914205,2020-10-24T09:58:34.205,63.400,0.000081563,0.000051125,0.000042688
1603547914255,2020-10-24T09:58:34.255,63.450,0.000080812,0.000051125,0.000043812
1603547914305,2020-10-24T09:58:34.305,63.500,0.000080812,0.000051125,0.000042312
1603547914355,2020-10-24T09:58:34.355,63.550,0.000082625,0.000051500,0.000043812
1603547914405,2020-10-24T09:58:34.405,63.600,0.000082250,0.000051500,0.000043437
1603547914455,2020-10-24T09:58:34.455,63.650,0.000081875,0.000052250,0.000044188
1603547914505,2020-10-24T09:58:34.505,63.700,0.000080438,0.000050813,0.000043437
1603547914555,2020-10-24T09:58:34.555,63.750,0.000081187,0.000051500,0.000043063
1603547914605,2020-10-24T09:58:34.605,63.800,0.000080438,0.000050813,0.000043063
1603547914655,2020-10-24T09:58:34.655,63.850,0.000081563,0.000051125,0.000043437
1603547914705,2020-10-24T09:58:34.705,63.900,0.000081187,0.000050437,0.000043437
1603547914755,2020-10-24T09:58:34.755,63.950,0.000080062,0.000051125,0.000043812
1603547914805,2020-10-24T09:58:34.805,64.000,0.000080438,0.000051500,0.000044188
1603547914855,2020-10-24T09:58:34.855,64.050,0.000080812,0.000051125,0.000044250
1603547914905,2020-10-24T09:58:34.905,64.100,0.000080438,0.000051500,0.000044188
1603547914955,2020-10-24T09:58:34.955,64.150,0.000080062,0.000051500,0.000044188
1603547915005,2020-10-24T09:58:35.005,64.200,0.000080062,0.000051500,0.000043437
1603547915055,2020-10-24T09:58:35.055,64.250,0.000080438,0.000051500,0.000043812
1603547915105,2020-10-24T09:58:35.105,64.300,0.000080062,0.000051500,0.000042688
1603547915155,2020-10-24T09:58:35.155,64.350,0.000079000,0.000051875,0.000044563
1603547915205,2020-10-24T09:58:35.205,64.400,0.000080062,0.000051125,0.000044188
1603547915255,2020-10-24T09:58:35.255,64.450,0.000080062,0.000051500,0.000043812
1603547915305,2020-10-24T09:58:35.305,64.500,0.000079375,0.000051875,0.000044188
1603547915355,2020-10-24T09:58:35.355,64.550,0.000079750,0.000051875,0.000043812
1603547915405,2020-10-24T09:58:35.405,64.600,0.000080438,0.000051125,0.000043063
1603547915455,2020-10-24T09:58:35.455,64.650,0.000079750,0.000051500,0.000043812
1603547915505,2020-10-24T09:58:35.505,64.700,0.000080438,0.000050813,0.000044188
1603547915555,2020-10-24T09:58:35.555,64.750,0.000079000,0.000051875,0.000043063
1603547915605,2020-10-24T09:58:35.605,64.800,0.000080438,0.000051500,0.000044188
1603547915655,2020-10-24T09:58:35.655,64.850,0.000079000,0.000051500,0.000044188
1603547915705,2020-10-24T09:58:35.705,64.900,0.000079375,0.000051875,0.000043437
1603547915755,2020-10-24T09:58:35.755,64.950,0.000078625,0.000052250,0.000042688
1603547915805,2020-10-24T09:58:35.805,65.000,0.000077937,0.000052250,0.000043437
1603547915855,2020-10-24T09:58:35.855,65.050,0.000078625,0.000051875,0.000044188
1603547915905,2020-10-24T09:58:35.905,65.100,0.000078250,0.000051500,0.000043437
1603547915955,2020-10-24T09:58:35.955,65.150,0.000079000,0.000051500,0.000043063
1603547916005,2020-10-24T09:58:36.005,65.200,0.000078250,0.000051875,0.000043437
1603547916055,2020-10-24T09:58:36.055,65.250,0.000079000,0.000051500,0.000041875
1603547916105,2020-10-24T09:58:36.105,65.300,0.000079000,0.000051125,0.000043812
1603547916155,2020-10-24T09:58:36.155,65.350,0.000078625,0.000052250,0.000043437
1603547916205,2020-10-24T09:58:36.205,65.400,0.000079375,0.000051125,0.000043437
1603547916255,2020-10-24T09:58:36.255,65.450,0.000079000,0.000051125,0.000044250
1603547916305,2020-10-24T09:58:36.305,65.500,0.000077937,0.000052250,0.000044938
1603547916355,2020-10-24T09:58:36.355,65.550,0.000079000,0.000051500,0.000044188
1603547916405,2020-10-24T09:58:36.405,65.600,0.000079000,0.000051500,0.000044188
1603547916455,2020-10-24T09:58:36.455,65.650,0.000078625,0.000051875,0.000045375
1603547916505,2020-10-24T09:58:36.505,65.700,0.000079375,0.000051875,0.000042688
1603547916555,2020-10-24T09:58:36.555,65.750,0.000079375,0.000051125,0.000045000
1603547916605,2020-10-24T09:58:36.605,65.800,0.000079750,0.000051875,0.000043437
1603547916655,2020-10-24T09:58:36.655,65.850,0.000079750,0.000052250,0.000043063
1603547916705,2020-10-24T09:58:36.705,65.900,0.000079000,0.000052250,0.000043437
1603547916755,2020-10-24T09:58:36.755,65.950,0.000077937,0.000052937,0.000043437
1603547916805,2020-10-24T09:58:36.805,66.000,0.000079375,0.000051125,0.000043437
1603547916855,2020-10-24T09:58:36.855,66.050,0.000079000,0.000051500,0.000043063
1603547916905,2020-10-24T09:58:36.905,66.100,0.000078625,0.000051500,0.000042312
1603547916955,2020-10-24T09:58:36.955,66.150,0.000078625,0.000051875,0.000042688
1603547917005,2020-10-24T09:58:37.005,66.200,0.000079000,0.000051125,0.000042688
1603547917055,2020-10-24T09:58:37.055,66.250,0.000079750,0.000052625,0.000042312
1603547917105,2020-10-24T09:58:37.105,66.300,0.000079000,0.000051875,0.000043812
1603547917155,2020-10-24T09:58:37.155,66.350,0.000078625,0.000052625,0.000043063
1603547917205,2020-10-24T09:58:37.205,66.400,0.000079000,0.000052937,0.000044188
1603547917255,2020-10-24T09:58:37.255,66.450,0.000079375,0.000051875,0.000042688
1603547917305,2020-10-24T09:58:37.305,66.500,0.000079375,0.000050813,0.000043812
1603547917355,2020-10-24T09:58:37.355,66.550,0.000078250,0.000052250,0.000043063
1603547917405,2020-10-24T09:58:37.405,66.600,0.000079375,0.000051500,0.000043437
1603547917455,2020-10-24T09:58:37.455,66.650,0.000078250,0.000052250,0.000043437
1603547917505,2020-10-24T09:58:37.505,66.700,0.000078250,0.000052250,0.000043063
1603547917555,2020-10-24T09:58:37.555,66.750,0.000079375,0.000051125,0.000042625
1603547917605,2020-10-24T09:58:37.605,66.800,0.000077937,0.000052250,0.000043437
1603547917655,2020-10-24T09:58:37.655,66.850,0.000078625,0.000051875,0.000043063
1603547917705,2020-10-24T09:58:37.705,66.900,0.000079750,0.000051875,0.000043812
1603547917755,2020-10-24T09:58:37.755,66.950,0.000079000,0.000051500,0.000043437
1603547917805,2020-10-24T09:58:37.805,67.000,0.000079000,0.000052250,0.000043437
1603547917855,2020-10-24T09:58:37.855,67.050,0.000078250,0.000050813,0.000044625
1603547917905,2020-10-24T09:58:37.905,67.100,0.000079750,0.000051500,0.000043063
1603547917955,2020-10-24T09:58:37.955,67.150,0.000079000,0.000051875,0.000043437
1603547918005,2020-10-24T09:58:38.005,67.200,0.000079750,0.000051500,0.000043812
1603547918055,2020-10-24T09:58:38.055,67.250,0.000078625,0.000051125,0.000044188
1603547918105,2020-10-24T09:58:38.105,67.300,0.000079000,0.000052250,0.000044188
1603547918155,2020-10-24T09:58:38.155,67.350,0.000079375,0.000051500,0.000043437
1603547918205,2020-10-24T09:58:38.205,67.400,0.000078625,0.000052625,0.000043812
1603547918255,2020-10-24T09:58:38.255,67.450,0.000079000,0.000051125,0.000044563
1603547918305,2020-10-24T09:58:38.305,67.500,0.000080062,0.000052250,0.000043437
1603547918355,2020-10-24T09:58:38.355,67.550,0.000079000,0.000051500,0.000044188
1603547918405,2020-10-24T09:58:38.405,67.600,0.000080062,0.000051875,0.000043063
1603547918455,2020-10-24T09:58:38.455,67.650,0.000079375,0.000051500,0.000044188
1603547918505,2020-10-24T09:58:38.505,67.700,0.000079000,0.000051875,0.000043063
1603547918555,2020-10-24T09:58:38.555,67.750,0.000079375,0.000051875,0.000043812
1603547918605,2020-10-24T09:58:38.605,67.800,0.000077563,0.000051125,0.000044563
1603547918655,2020-10-24T09:58:38.655,67.850,0.000079750,0.000051875,0.000044563
1603547918705,2020-10-24T09:58:38.705,67.900,0.000078250,0.000052625,0.000043812
1603547918755,2020-10-24T09:58:38.755,67.950,0.000079000,0.000052250,0.000044563
1603547918805,2020-10-24T09:58:38.805,68.000,0.000078625,0.000051875,0.000043812
1603547918855,2020-10-24T09:58:38.855,68.050,0.000079375,0.000051875,0.000044188
1603547918905,2020-10-24T09:58:38.905,68.100,0.000077937,0.000051500,0.000043437
1603547918955,2020-10-24T09:58:38.955,68.150,0.000078250,0.000052250,0.000043437
1603547919005,2020-10-24T09:58:39.005,68.200,0.000078250,0.000052625,0.000043812
1603547919055,2020-10-24T09:58:39.055,68.250,0.000077937,0.000052250,0.000044188
1603547919105,2020-10-24T09:58:39.105,68.300,0.000077937,0.000052625,0.000043812
1603547919155,2020-10-24T09:58:39.155,68.350,0.000079000,0.000052625,0.000043812
1603547919205,2020-10-24T09:58:39.205,68.400,0.000078250,0.000051875,0.000043437
1603547919255,2020-10-24T09:58:39.255,68.450,0.000078625,0.000051500,0.000044188
1603547919305,2020-10-24T09:58:39.305,68.500,0.000077563,0.000051500,0.000043812
1603547919355,2020-10-24T09:58:39.355,68.550,0.000077937,0.000051875,0.000044188
1603547919405,2020-10-24T09:58:39.405,68.600,0.000078250,0.000052625,0.000045000
1603547919455,2020-10-24T09:58:39.455,68.650,0.000078250,0.000051500,0.000045000
1603547919505,2020-10-24T09:58:39.505,68.700,0.000077937,0.000051500,0.000044563
1603547919555,2020-10-24T09:58:39.555,68.750,0.000077937,0.000051500,0.000043812
1603547919605,2020-10-24T09:58:39.605,68.800,0.000078250,0.000051500,0.000043437
1603547919655,2020-10-24T09:58:39.655,68.850,0.000078250,0.000051875,0.000043437
1603547919705,2020-10-24T09:58:39.705,68.900,0.000079000,0.000051875,0.000042250
1603547919755,2020-10-24T09:58:39.755,68.950,0.000077937,0.000051875,0.000041500
1603547919805,2020-10-24T09:58:39.805,69.000,0.000079375,0.000052625,0.000043063
1603547919855,2020-10-24T09:58:39.855,69.050,0.000079000,0.000052250,0.000041875
1603547919905,2020-10-24T09:58:39.905,69.100,0.000080438,0.000052937,0.000041875
1603547919955,2020-10-24T09:58:39.955,69.150,0.000078625,0.000051875,0.000042688
1603547920005,2020-10-24T09:58:40.005,69.200,0.000080438,0.000052250,0.000042312
1603547920055,2020-10-24T09:58:40.055,69.250,0.000079375,0.000051125,0.000041125
1603547920105,2020-10-24T09:58:40.105,69.300,0.000079000,0.000051875,0.000042312
1603547920155,2020-10-24T09:58:40.155,69.350,0.000080062,0.000051875,0.000042688
1603547920205,2020-10-24T09:58:40.205,69.400,0.000080062,0.000051875,0.000041875
1603547920255,2020-10-24T09:58:40.255,69.450,0.000079750,0.000052250,0.000042688
1603547920305,2020-10-24T09:58:40.305,69.500,0.000080062,0.000052250,0.000041500
1603547920355,2020-10-24T09:58:40.355,69.550,0.000079000,0.000051875,0.000042688
1603547920405,2020-10-24T09:58:40.405,69.600,0.000079750,0.000051875,0.000042312
1603547920455,2020-10-24T09:58:40.455,69.650,0.000078625,0.000051875,0.000043437
1603547920505,2020-10-24T09:58:40.505,69.700,0.000079375,0.000052250,0.000042312
1603547920555,2020-10-24T09:58:40.555,69.750,0.000079750,0.000051500,0.000043437
1603547920605,2020-10-24T09:58:40.605,69.800,0.000079750,0.000051875,0.000041875
1603547920655,2020-10-24T09:58:40.655,69.850,0.000079750,0.000051875,0.000041875
1603547920705,2020-10-24T09:58:40.705,69.900,0.000079750,0.000051500,0.000041500
1603547920755,2020-10-24T09:58:40.755,69.950,0.000080062,0.000051875,0.000042312
1603547920805,2020-10-24T09:58:40.805,70.000,0.000078625,0.000051875,0.000042688
1603547920855,2020-10-24T09:58:40.855,70.050,0.000079750,0.000052250,0.000043437
1603547920905,2020-10-24T09:58:40.905,70.100,0.000079375,0.000051875,0.000043063
1603547920955,2020-10-24T09:58:40.955,70.150,0.000080812,0.000053312,0.000042312
1603547921005,2020-10-24T09:58:41.005,70.200,0.000079000,0.000052250,0.000042688
1603547921055,2020-10-24T09:58:41.055,70.250,0.000079000,0.000053312,0.000042688
1603547921105,2020-10-24T09:58:41.105,70.300,0.000079000,0.000052625,0.000043063
1603547921155,2020-10-24T09:58:41.155,70.350,0.000079750,0.000052625,0.000042688
1603547921205,2020-10-24T09:58:41.205,70.400,0.000078625,0.000051875,0.000043063
1603547921255,2020-10-24T09:58:41.255,70.450,0.000078625,0.000052250,0.000042312
1603547921305,2020-10-24T09:58:41.305,70.500,0.000078625,0.000052250,0.000043063
1603547921355,2020-10-24T09:58:41.355,70.550,0.000079000,0.000052625,0.000042688
1603547921405,2020-10-24T09:58:41.405,70.600,0.000079000,0.000051500,0.000041500
1603547921455,2020-10-24T09:58:41.455,70.650,0.000078625,0.000052250,0.000042312
1603547921505,2020-10-24T09:58:41.505,70.700,0.000078250,0.000052250,0.000043437
1603547921555,2020-10-24T09:58:41.555,70.750,0.000077937,0.000053312,0.000042312
1603547921605,2020-10-24T09:58:41.605,70.800,0.000078250,0.000052937,0.000042312
1603547921655,2020-10-24T09:58:41.655,70.850,0.000079000,0.000052250,0.000041875
1603547921705,2020-10-24T09:58:41.705,70.900,0.000077937,0.000051500,0.000043063
1603547921755,2020-10-24T09:58:41.755,70.950,0.000079000,0.000051500,0.000042312
1603547921805,2020-10-24T09:58:41.805,71.000,0.000079375,0.000052250,0.000041875
1603547921855,2020-10-24T09:58:41.855,71.050,0.000079000,0.000051500,0.000042312
1603547921905,2020-10-24T09:58:41.905,71.100,0.000079750,0.000052250,0.000042312
1603547921955,2020-10-24T09:58:41.955,71.150,0.000077937,0.000051875,0.000042312
1603547922005,2020-10-24T09:58:42.005,71.200,0.000079750,0.000051500,0.000042312
1603547922055,2020-10-24T09:58:42.055,71.250,0.000079000,0.000051875,0.000042312
1603547922105,2020-10-24T09:58:42.105,71.300,0.000078625,0.000052250,0.000042688
1603547922155,2020-10-24T09:58:42.155,71.350,0.000078625,0.000051875,0.000042688
1603547922205,2020-10-24T09:58:42.205,71.400,0.000079750,0.000052250,0.000041937
1603547922255,2020-10-24T09:58:42.255,71.450,0.000078250,0.000051500,0.000042312
1603547922305,2020-10-24T09:58:42.305,71.500,0.000079750,0.000052625,0.000041875
1603547922355,2020-10-24T09:58:42.355,71.550,0.000079000,0.000052250,0.000041500
1603547922405,2020-10-24T09:58:42.405,71.600,0.000079375,0.000052250,0.000042688
1603547922455,2020-10-24T09:58:42.455,71.650,0.000078625,0.000051500,0.000042312
1603547922505,2020-10-24T09:58:42.505,71.700,0.000078625,0.000052250,0.000042312
1603547922555,2020-10-24T09:58:42.555,71.750,0.000077563,0.000052250,0.000042688
1603547922605,2020-10-24T09:58:42.605,71.800,0.000078625,0.000052937,0.000042688
1603547922655,2020-10-24T09:58:42.655,71.850,0.000079000,0.000052250,0.000043063
1603547922705,2020-10-24T09:58:42.705,71.900,0.000080062,0.000052625,0.000042312
1603547922755,2020-10-24T09:58:42.755,71.950,0.000079750,0.000052625,0.000040750
1603547922805,2020-10-24T09:58:42.805,72.000,0.000079750,0.000052937,0.000041875
1603547922855,2020-10-24T09:58:42.855,72.050,0.000079000,0.000052250,0.000041500
1603547922905,2020-10-24T09:58:42.905,72.100,0.000079000,0.000051875,0.000042688
1603547922955,2020-10-24T09:58:42.955,72.150,0.000079375,0.000052937,0.000042312
1603547923005,2020-10-24T09:58:43.005,72.200,0.000079750,0.000052625,0.000042312
1603547923055,2020-10-24T09:58:43.055,72.250,0.000080062,0.000051500,0.000041125
1603547923105,2020-10-24T09:58:43.105,72.300,0.000080438,0.000052625,0.000041500
1603547923155,2020-10-24T09:58:43.155,72.350,0.000079750,0.000052625,0.000041500
1603547923205,2020-10-24T09:58:43.205,72.400,0.000079750,0.000052250,0.000041500
1603547923255,2020-10-24T09:58:43.255,72.450,0.000078250,0.000052625,0.000041875
1603547923305,2020-10-24T09:58:43.305,72.500,0.000078250,0.000052250,0.000042312
1603547923355,2020-10-24T09:58:43.355,72.550,0.000077937,0.000051875,0.000045000
1603547923405,2020-10-24T09:58:43.405,72.600,0.000078250,0.000051875,0.000043063
1603547923455,2020-10-24T09:58:43.455,72.650,0.000078625,0.000052937,0.000043063
1603547923505,2020-10-24T09:58:43.505,72.700,0.000079000,0.000051500,0.000043063
1603547923555,2020-10-24T09:58:43.555,72.750,0.000077937,0.000051875,0.000043812
1603547923605,2020-10-24T09:58:43.605,72.800,0.000078625,0.000052250,0.000043812
1603547923655,2020-10-24T09:58:43.655,72.850,0.000079000,0.000051500,0.000044188
1603547923705,2020-10-24T09:58:43.705,72.900,0.000078250,0.000052250,0.000044563
1603547923755,2020-10-24T09:58:43.755,72.950,0.000078250,0.000052250,0.000044188
1603547923805,2020-10-24T09:58:43.805,73.000,0.000078250,0.000050813,0.000044625
1603547923855,2020-10-24T09:58:43.855,73.050,0.000078625,0.000051500,0.000044188
1603547923905,2020-10-24T09:58:43.905,73.100,0.000077563,0.000051125,0.000044563
1603547923955,2020-10-24T09:58:43.955,73.150,0.000078250,0.000051125,0.000043812
1603547924005,2020-10-24T09:58:44.005,73.200,0.000078250,0.000052625,0.000044250
1603547924055,2020-10-24T09:58:44.055,73.250,0.000078625,0.000052250,0.000044188
1603547924105,2020-10-24T09:58:44.105,73.300,0.000079375,0.000051875,0.000045000
1603547924155,2020-10-24T09:58:44.155,73.350,0.000079375,0.000051125,0.000045375
1603547924205,2020-10-24T09:58:44.205,73.400,0.000079000,0.000051500,0.000044625
1603547924255,2020-10-24T09:58:44.255,73.450,0.000077187,0.000051875,0.000044188
1603547924305,2020-10-24T09:58:44.305,73.500,0.000078250,0.000052625,0.000045375
1603547924355,2020-10-24T09:58:44.355,73.550,0.000078250,0.000051875,0.000045375
1603547924405,2020-10-24T09:58:44.405,73.600,0.000077187,0.000052250,0.000044188
1603547924455,2020-10-24T09:58:44.455,73.650,0.000079000,0.000052250,0.000043812
1603547924505,2020-10-24T09:58:44.505,73.700,0.000077187,0.000051875,0.000043812
1603547924555,2020-10-24T09:58:44.555,73.750,0.000078250,0.000051500,0.000044563
1603547924605,2020-10-24T09:58:44.605,73.800,0.000078625,0.000051875,0.000043437
1603547924655,2020-10-24T09:58:44.655,73.850,0.000077187,0.000051875,0.000043437
1603547924705,2020-10-24T09:58:44.705,73.900,0.000077937,0.000052625,0.000043437
1603547924755,2020-10-24T09:58:44.755,73.950,0.000077563,0.000052625,0.000044250
1603547924805,2020-10-24T09:58:44.805,74.000,0.000077937,0.000051875,0.000043063
1603547924855,2020-10-24T09:58:44.855,74.050,0.000078250,0.000051500,0.000043812
1603547924905,2020-10-24T09:58:44.905,74.100,0.000077563,0.000052250,0.000044250
1603547924955,2020-10-24T09:58:44.955,74.150,0.000076813,0.000051125,0.000043812
1603547925005,2020-10-24T09:58:45.005,74.200,0.000077937,0.000051500,0.000043063
1603547925055,2020-10-24T09:58:45.055,74.250,0.000078625,0.000052250,0.000043812
1603547925105,2020-10-24T09:58:45.105,74.300,0.000078250,0.000051500,0.000043063
1603547925155,2020-10-24T09:58:45.155,74.350,0.000078250,0.000051875,0.000044625
1603547925205,2020-10-24T09:58:45.205,74.400,0.000077937,0.000052625,0.000043812
1603547925255,2020-10-24T09:58:45.255,74.450,0.000079750,0.000051875,0.000043437
1603547925305,2020-10-24T09:58:45.305,74.500,0.000078625,0.000052250,0.000042688
1603547925355,2020-10-24T09:58:45.355,74.550,0.000079000,0.000052625,0.000043437
1603547925405,2020-10-24T09:58:45.405,74.600,0.000077563,0.000051875,0.000044188
1603547925455,2020-10-24T09:58:45.455,74.650,0.000079375,0.000051875,0.000044188
1603547925505,2020-10-24T09:58:45.505,74.700,0.000077563,0.000052250,0.000043812
1603547925555,2020-10-24T09:58:45.555,74.750,0.000077563,0.000051875,0.000043812
1603547925605,2020-10-24T09:58:45.605,74.800,0.000078250,0.000051500,0.000044250
1603547925655,2020-10-24T09:58:45.655,74.850,0.000079750,0.000052250,0.000044188
1603547925705,2020-10-24T09:58:45.705,74.900,0.000078625,0.000050813,0.000044625
1603547925755,2020-10-24T09:58:45.755,74.950,0.000079000,0.000052625,0.000043063
1603547925805,2020-10-24T09:58:45.805,75.000,0.000079000,0.000051875,0.000043063
1603547925855,2020-10-24T09:58:45.855,75.050,0.000078250,0.000051500,0.000043875
1603547925905,2020-10-24T09:58:45.905,75.100,0.000078250,0.000051125,0.000043063
1603547925955,2020-10-24T09:58:45.955,75.150,0.000078625,0.000051875,0.000044563
1603547926005,2020-10-24T09:58:46.005,75.200,0.000079000,0.000052625,0.000043812
1603547926055,2020-10-24T09:58:46.055,75.250,0.000078250,0.000052250,0.000043812
1603547926105,2020-10-24T09:58:46.105,75.300,0.000078250,0.000051500,0.000043812
1603547926155,2020-10-24T09:58:46.155,75.350,0.000078250,0.000052250,0.000043812
1603547926205,2020-10-24T09:58:46.205,75.400,0.000079000,0.000051875,0.000043063
1603547926255,2020-10-24T09:58:46.255,75.450,0.000078250,0.000051125,0.000043812
1603547926305,2020-10-24T09:58:46.305,75.500,0.000079000,0.000052250,0.000042312
1603547926355,2020-10-24T09:58:46.355,75.550,0.000077937,0.000051875,0.000043812
1603547926405,2020-10-24T09:58:46.405,75.600,0.000080812,0.000051500,0.000043063
1603547926455,2020-10-24T09:58:46.455,75.650,0.000079000,0.000053312,0.000043812
1603547926505,2020-10-24T09:58:46.505,75.700,0.000079000,0.000051125,0.000044250
1603547926555,2020-10-24T09:58:46.555,75.750,0.000077937,0.000052625,0.000043063
1603547926605,2020-10-24T09:58:46.605,75.800,0.000079375,0.000052250,0.000043812
1603547926655,2020-10-24T09:58:46.655,75.850,0.000077937,0.000051125,0.000043063
1603547926705,2020-10-24T09:58:46.705,75.900,0.000078250,0.000052250,0.000044188
1603547926755,2020-10-24T09:58:46.755,75.950,0.000078250,0.000052625,0.000044188
1603547926805,2020-10-24T09:58:46.805,76.000,0.000078250,0.000052250,0.000043063
1603547926855,2020-10-24T09:58:46.855,76.050,0.000077563,0.000052250,0.000042688
1603547926905,2020-10-24T09:58:46.905,76.100,0.000077937,0.000051875,0.000043812
1603547926955,2020-10-24T09:58:46.955,76.150,0.000077563,0.000051875,0.000043875
1603547927005,2020-10-24T09:58:47.005,76.200,0.000079375,0.000051500,0.000043063
1603547927055,2020-10-24T09:58:47.055,76.250,0.000079375,0.000051125,0.000043437
1603547927105,2020-10-24T09:58:47.105,76.300,0.000080438,0.000051875,0.000041937
1603547927155,2020-10-24T09:58:47.155,76.350,0.000080062,0.000051500,0.000043063
1603547927205,2020-10-24T09:58:47.205,76.400,0.000080438,0.000050813,0.000044188
1603547927255,2020-10-24T09:58:47.255,76.450,0.000081187,0.000050437,0.000044625
1603547927305,2020-10-24T09:58:47.305,76.500,0.000081563,0.000050437,0.000043437
1603547927355,2020-10-24T09:58:47.355,76.550,0.000081875,0.000051125,0.000043500
1603547927405,2020-10-24T09:58:47.405,76.600,0.000082250,0.000051125,0.000042688
1603547927455,2020-10-24T09:58:47.455,76.650,0.000083000,0.000050062,0.000044625
1603547927505,2020-10-24T09:58:47.505,76.700,0.000082250,0.000049687,0.000043437
1603547927555,2020-10-24T09:58:47.555,76.750,0.000083000,0.000049687,0.000043437
1603547927605,2020-10-24T09:58:47.605,76.800,0.000082250,0.000050062,0.000043437
1603547927655,2020-10-24T09:58:47.655,76.850,0.000081187,0.000050813,0.000044625
1603547927705,2020-10-24T09:58:47.705,76.900,0.000081187,0.000050813,0.000044625
1603547927755,2020-10-24T09:58:47.755,76.950,0.000081187,0.000050813,0.000043812
1603547927805,2020-10-24T09:58:47.805,77.000,0.000081875,0.000050062,0.000042688
1603547927855,2020-10-24T09:58:47.855,77.050,0.000082625,0.000049687,0.000044250
1603547927905,2020-10-24T09:58:47.905,77.100,0.000081187,0.000050813,0.000042688
1603547927955,2020-10-24T09:58:47.955,77.150,0.000081875,0.000051125,0.000044250
1603547928005,2020-10-24T09:58:48.005,77.200,0.000081187,0.000050437,0.000043437
1603547928055,2020-10-24T09:58:48.055,77.250,0.000082250,0.000050813,0.000043875
1603547928105,2020-10-24T09:58:48.105,77.300,0.000081875,0.000051125,0.000043875
1603547928155,2020-10-24T09:58:48.155,77.350,0.000081875,0.000051125,0.000043063
1603547928205,2020-10-24T09:58:48.205,77.400,0.000081563,0.000050062,0.000043875
1603547928255,2020-10-24T09:58:48.255,77.450,0.000080812,0.000050813,0.000044625
1603547928305,2020-10-24T09:58:48.305,77.500,0.000081563,0.000050437,0.000043812
1603547928355,2020-10-24T09:58:48.355,77.550,0.000081187,0.000050437,0.000043437
1603547928405,2020-10-24T09:58:48.405,77.600,0.000080812,0.000051125,0.000043063
1603547928455,2020-10-24T09:58:48.455,77.650,0.000081187,0.000050813,0.000043812
1603547928505,2020-10-24T09:58:48.505,77.700,0.000081563,0.000051500,0.000043812
1603547928555,2020-10-24T09:58:48.555,77.750,0.000081563,0.000052250,0.000044188
1603547928605,2020-10-24T09:58:48.605,77.800,0.000081563,0.000050437,0.000044250
1603547928655,2020-10-24T09:58:48.655,77.850,0.000081187,0.000050813,0.000045000
1603547928705,2020-10-24T09:58:48.705,77.900,0.000082625,0.000051875,0.000043812
1603547928755,2020-10-24T09:58:48.755,77.950,0.000081187,0.000050437,0.000043875
1603547928805,2020-10-24T09:58:48.805,78.000,0.000081187,0.000051500,0.000044188
1603547928855,2020-10-24T09:58:48.855,78.050,0.000081187,0.000051125,0.000043437
1603547928905,2020-10-24T09:58:48.905,78.100,0.000080812,0.000051125,0.000043437
1603547928955,2020-10-24T09:58:48.955,78.150,0.000080812,0.000051125,0.000043812
1603547929005,2020-10-24T09:58:49.005,78.200,0.000081563,0.000051125,0.000042688
1603547929055,2020-10-24T09:58:49.055,78.250,0.000080812,0.000051125,0.000043812
1603547929105,2020-10-24T09:58:49.105,78.300,0.000081563,0.000050437,0.000042688
1603547929155,2020-10-24T09:58:49.155,78.350,0.000080812,0.000051125,0.000044625
1603547929205,2020-10-24T09:58:49.205,78.400,0.000080812,0.000050813,0.000043875
1603547929255,2020-10-24T09:58:49.255,78.450,0.000081187,0.000051125,0.000043063
1603547929305,2020-10-24T09:58:49.305,78.500,0.000080812,0.000050813,0.000043875
1603547929355,2020-10-24T09:58:49.355,78.550,0.000081187,0.000049687,0.000044625
1603547929405,2020-10-24T09:58:49.405,78.600,0.000080812,0.000050813,0.000043437
1603547929455,2020-10-24T09:58:49.455,78.650,0.000081187,0.000050813,0.000043875
1603547929505,2020-10-24T09:58:49.505,78.700,0.000080812,0.000050813,0.000043812
1603547929555,2020-10-24T09:58:49.555,78.750,0.000080812,0.000050062,0.000043063
1603547929605,2020-10-24T09:58:49.605,78.800,0.000080062,0.000051125,0.000045375
1603547929655,2020-10-24T09:58:49.655,78.850,0.000080438,0.000050813,0.000045000
1603547929705,2020-10-24T09:58:49.705,78.900,0.000080438,0.000050437,0.000043875
1603547929755,2020-10-24T09:58:49.755,78.950,0.000081875,0.000050062,0.000045000
1603547929805,2020-10-24T09:58:49.805,79.000,0.000080438,0.000050813,0.000045375
1603547929855,2020-10-24T09:58:49.855,79.050,0.000080438,0.000051125,0.000044188
1603547929905,2020-10-24T09:58:49.905,79.100,0.000081187,0.000050813,0.000043812
1603547929955,2020-10-24T09:58:49.955,79.150,0.000081187,0.000050437,0.000044563
1603547930005,2020-10-24T09:58:50.005,79.200,0.000080062,0.000051500,0.000043812
1603547930055,2020-10-24T09:58:50.055,79.250,0.000081187,0.000051125,0.000043812
1603547930105,2020-10-24T09:58:50.105,79.300,0.000080812,0.000050813,0.000043812
1603547930155,2020-10-24T09:58:50.155,79.350,0.000080812,0.000051500,0.000043875
1603547930205,2020-10-24T09:58:50.205,79.400,0.000080812,0.000050437,0.000044250
1603547930255,2020-10-24T09:58:50.255,79.450,0.000080438,0.000051125,0.000043812
1603547930305,2020-10-24T09:58:50.305,79.500,0.000080438,0.000051500,0.000043875
1603547930355,2020-10-24T09:58:50.355,79.550,0.000081187,0.000051500,0.000044250
1603547930405,2020-10-24T09:58:50.405,79.600,0.000080812,0.000051875,0.000043063
1603547930455,2020-10-24T09:58:50.455,79.650,0.000081187,0.000050813,0.000043812
1603547930505,2020-10-24T09:58:50.505,79.700,0.000080438,0.000051125,0.000043437
1603547930555,2020-10-24T09:58:50.555,79.750,0.000080062,0.000051125,0.000044188
1603547930605,2020-10-24T09:58:50.605,79.800,0.000080062,0.000051500,0.000043437
1603547930655,2020-10-24T09:58:50.655,79.850,0.000080062,0.000051500,0.000042312
1603547930705,2020-10-24T09:58:50.705,79.900,0.000079375,0.000051125,0.000043437
1603547930755,2020-10-24T09:58:50.755,79.950,0.000080438,0.000050062,0.000043437
1603547930805,2020-10-24T09:58:50.805,80.000,0.000080438,0.000051875,0.000044625
1603547930855,2020-10-24T09:58:50.855,80.050,0.000079750,0.000050437,0.000043437
1603547930905,2020-10-24T09:58:50.905,80.100,0.000080812,0.000052250,0.000045375
1603547930955,2020-10-24T09:58:50.955,80.150,0.000079750,0.000051875,0.000043812
1603547931005,2020-10-24T09:58:51.005,80.200,0.000080812,0.000052625,0.000043437
1603547931055,2020-10-24T09:58:51.055,80.250,0.000080812,0.000051500,0.000043063
1603547931105,2020-10-24T09:58:51.105,80.300,0.000080062,0.000051875,0.000043812
1603547931155,2020-10-24T09:58:51.155,80.350,0.000079750,0.000051875,0.000043812
1603547931205,2020-10-24T09:58:51.205,80.400,0.000080438,0.000050813,0.000043437
1603547931255,2020-10-24T09:58:51.255,80.450,0.000080062,0.000051875,0.000043812
1603547931305,2020-10-24T09:58:51.305,80.500,0.000080062,0.000051125,0.000043437
1603547931355,2020-10-24T09:58:51.355,80.550,0.000080062,0.000051500,0.000043812
1603547931405,2020-10-24T09:58:51.405,80.600,0.000080062,0.000051125,0.000043437
1603547931455,2020-10-24T09:58:51.455,80.650,0.000079750,0.000051875,0.000044625
1603547931505,2020-10-24T09:58:51.505,80.700,0.000078625,0.000051500,0.000043875
1603547931555,2020-10-24T09:58:51.555,80.750,0.000080062,0.000050813,0.000043437
1603547931605,2020-10-24T09:58:51.605,80.800,0.000079000,0.000051125,0.000043437
1603547931655,2020-10-24T09:58:51.655,80.850,0.000080062,0.000051875,0.000042312
1603547931705,2020-10-24T09:58:51.705,80.900,0.000078625,0.000051500,0.000043812
1603547931755,2020-10-24T09:58:51.755,80.950,0.000079375,0.000051500,0.000041937
1603547931805,2020-10-24T09:58:51.805,81.000,0.000080438,0.000051875,0.000042688
1603547931855,2020-10-24T09:58:51.855,81.050,0.000081187,0.000051500,0.000042688
1603547931905,2020-10-24T09:58:51.905,81.100,0.000080438,0.000052250,0.000042312
1603547931955,2020-10-24T09:58:51.955,81.150,0.000080062,0.000052250,0.000042688
1603547932005,2020-10-24T09:58:52.005,81.200,0.000079750,0.000051875,0.000043812
1603547932055,2020-10-24T09:58:52.055,81.250,0.000080812,0.000051875,0.000042312
1603547932105,2020-10-24T09:58:52.105,81.300,0.000080062,0.000051875,0.000043437
1603547932155,2020-10-24T09:58:52.155,81.350,0.000079000,0.000051875,0.000043063
1603547932205,2020-10-24T09:58:52.205,81.400,0.000080062,0.000052625,0.000045000
1603547932255,2020-10-24T09:58:52.255,81.450,0.000079375,0.000051125,0.000043812
1603547932305,2020-10-24T09:58:52.305,81.500,0.000079375,0.000052250,0.000043437
1603547932355,2020-10-24T09:58:52.355,81.550,0.000079750,0.000051875,0.000043437
1603547932405,2020-10-24T09:58:52.405,81.600,0.000079375,0.000052625,0.000044188
1603547932455,2020-10-24T09:58:52.455,81.650,0.000080062,0.000051125,0.000043875
1603547932505,2020-10-24T09:58:52.505,81.700,0.000079750,0.000051125,0.000043063
1603547932555,2020-10-24T09:58:52.555,81.750,0.000079750,0.000051125,0.000043437
1603547932605,2020-10-24T09:58:52.605,81.800,0.000079750,0.000050437,0.000042312
1603547932655,2020-10-24T09:58:52.655,81.850,0.000079375,0.000051500,0.000043063
1603547932705,2020-10-24T09:58:52.705,81.900,0.000079750,0.000051125,0.000043812
1603547932755,2020-10-24T09:58:52.755,81.950,0.000079000,0.000052250,0.000043812
1603547932805,2020-10-24T09:58:52.805,82.000,0.000079750,0.000051875,0.000043875
1603547932855,2020-10-24T09:58:52.855,82.050,0.000079375,0.000051875,0.000043063
1603547932905,2020-10-24T09:58:52.905,82.100,0.000079375,0.000051875,0.000043437
1603547932955,2020-10-24T09:58:52.955,82.150,0.000079000,0.000052250,0.000042688
1603547933005,2020-10-24T09:58:53.005,82.200,0.000079750,0.000052250,0.000043063
1603547933055,2020-10-24T09:58:53.055,82.250,0.000079750,0.000051875,0.000043812
1603547933105,2020-10-24T09:58:53.105,82.300,0.000079750,0.000052625,0.000043437
1603547933155,2020-10-24T09:58:53.155,82.350,0.000079750,0.000051500,0.000043063
1603547933205,2020-10-24T09:58:53.205,82.400,0.000079375,0.000052250,0.000043437
1603547933255,2020-10-24T09:58:53.255,82.450,0.000079750,0.000052250,0.000043437
1603547933305,2020-10-24T09:58:53.305,82.500,0.000079750,0.000051500,0.000043063
1603547933355,2020-10-24T09:58:53.355,82.550,0.000078625,0.000052250,0.000043063
1603547933405,2020-10-24T09:58:53.405,82.600,0.000078625,0.000051875,0.000043437
1603547933455,2020-10-24T09:58:53.455,82.650,0.000079000,0.000052625,0.000044250
1603547933505,2020-10-24T09:58:53.505,82.700,0.000079000,0.000051500,0.000043063
1603547933555,2020-10-24T09:58:53.555,82.750,0.000079750,0.000051875,0.000045000
1603547933605,2020-10-24T09:58:53.605,82.800,0.000079000,0.000051875,0.000043437
1603547933655,2020-10-24T09:58:53.655,82.850,0.000079000,0.000051500,0.000043437
1603547933705,2020-10-24T09:58:53.705,82.900,0.000078625,0.000051125,0.000043063
1603547933755,2020-10-24T09:58:53.755,82.950,0.000078625,0.000052250,0.000043875
1603547933805,2020-10-24T09:58:53.805,83.000,0.000079000,0.000050813,0.000043437
1603547933855,2020-10-24T09:58:53.855,83.050,0.000079000,0.000052250,0.000042312
1603547933905,2020-10-24T09:58:53.905,83.100,0.000080062,0.000052625,0.000044188
1603547933955,2020-10-24T09:58:53.955,83.150,0.000079375,0.000051875,0.000043437
1603547934005,2020-10-24T09:58:54.005,83.200,0.000079375,0.000051500,0.000043812
1603547934055,2020-10-24T09:58:54.055,83.250,0.000079750,0.000052250,0.000044625
1603547934105,2020-10-24T09:58:54.105,83.300,0.000078625,0.000051125,0.000042688
1603547934155,2020-10-24T09:58:54.155,83.350,0.000079000,0.000052625,0.000043437
1603547934205,2020-10-24T09:58:54.205,83.400,0.000078250,0.000051500,0.000045375
1603547934255,2020-10-24T09:58:54.255,83.450,0.000078250,0.000051500,0.000043437
1603547934305,2020-10-24T09:58:54.305,83.500,0.000079375,0.000051875,0.000044188
1603547934355,2020-10-24T09:58:54.355,83.550,0.000080062,0.000052250,0.000043812
1603547934405,2020-10-24T09:58:54.405,83.600,0.000079000,0.000051500,0.000043437
1603547934455,2020-10-24T09:58:54.455,83.650,0.000079000,0.000051125,0.000043437
1603547934505,2020-10-24T09:58:54.505,83.700,0.000079750,0.000052250,0.000043063
1603547934555,2020-10-24T09:58:54.555,83.750,0.000079375,0.000051875,0.000042312
1603547934605,2020-10-24T09:58:54.605,83.800,0.000079000,0.000051875,0.000043437
1603547934655,2020-10-24T09:58:54.655,83.850,0.000079375,0.000051500,0.000043063
1603547934705,2020-10-24T09:58:54.705,83.900,0.000080062,0.000052625,0.000043063
1603547934755,2020-10-24T09:58:54.755,83.950,0.000079000,0.000051500,0.000043063
1603547934805,2020-10-24T09:58:54.805,84.000,0.000079375,0.000051875,0.000041937
1603547934855,2020-10-24T09:58:54.855,84.050,0.000079750,0.000051125,0.000043063
1603547934905,2020-10-24T09:58:54.905,84.100,0.000079000,0.000051500,0.000042312
1603547934955,2020-10-24T09:58:54.955,84.150,0.000079000,0.000052625,0.000043063
1603547935005,2020-10-24T09:58:55.005,84.200,0.000080438,0.000052250,0.000041500
1603547935055,2020-10-24T09:58:55.055,84.250,0.000079375,0.000051500,0.000043063
1603547935105,2020-10-24T09:58:55.105,84.300,0.000079750,0.000051875,0.000043437
1603547935155,2020-10-24T09:58:55.155,84.350,0.000079000,0.000051875,0.000042312
1603547935205,2020-10-24T09:58:55.205,84.400,0.000080062,0.000052625,0.000042312
1603547935255,2020-10-24T09:58:55.255,84.450,0.000079375,0.000051500,0.000042688
1603547935305,2020-10-24T09:58:55.305,84.500,0.000078625,0.000051500,0.000042688
1603547935355,2020-10-24T09:58:55.355,84.550,0.000079375,0.000052250,0.000043063
1603547935405,2020-10-24T09:58:55.405,84.600,0.000079750,0.000051875,0.000042312
1603547935455,2020-10-24T09:58:55.455,84.650,0.000078250,0.000053312,0.000042688
1603547935505,2020-10-24T09:58:55.505,84.700,0.000079375,0.000052250,0.000042688
1603547935555,2020-10-24T09:58:55.555,84.750,0.000079750,0.000051500,0.000042312
1603547935605,2020-10-24T09:58:55.605,84.800,0.000079750,0.000052250,0.000042688
1603547935655,2020-10-24T09:58:55.655,84.850,0.000079000,0.000051875,0.000041937
1603547935705,2020-10-24T09:58:55.705,84.900,0.000078625,0.000051875,0.000043063
1603547935755,2020-10-24T09:58:55.755,84.950,0.000078625,0.000051500,0.000044250
1603547935805,2020-10-24T09:58:55.805,85.000,0.000079375,0.000052250,0.000043063
1603547935855,2020-10-24T09:58:55.855,85.050,0.000079750,0.000052250,0.000043437
1603547935905,2020-10-24T09:58:55.905,85.100,0.000078625,0.000051875,0.000042688
1603547935955,2020-10-24T09:58:55.955,85.150,0.000079000,0.000052250,0.000043063
1603547936005,2020-10-24T09:58:56.005,85.200,0.000078625,0.000052250,0.000043437
1603547936055,2020-10-24T09:58:56.055,85.250,0.000079375,0.000051875,0.000043063
1603547936105,2020-10-24T09:58:56.105,85.300,0.000077937,0.000051125,0.000043812
1603547936155,2020-10-24T09:58:56.155,85.350,0.000078625,0.000051125,0.000042688
1603547936205,2020-10-24T09:58:56.205,85.400,0.000078250,0.000050813,0.000044188
1603547936255,2020-10-24T09:58:56.255,85.450,0.000079750,0.000051500,0.000042688
1603547936305,2020-10-24T09:58:56.305,85.500,0.000079000,0.000051875,0.000043875
1603547936355,2020-10-24T09:58:56.355,85.550,0.000079000,0.000052625,0.000043063
1603547936405,2020-10-24T09:58:56.405,85.600,0.000078250,0.000052250,0.000044625
1603547936455,2020-10-24T09:58:56.455,85.650,0.000078625,0.000051500,0.000043063
1603547936505,2020-10-24T09:58:56.505,85.700,0.000079750,0.000051875,0.000043437
1603547936555,2020-10-24T09:58:56.555,85.750,0.000079000,0.000052625,0.000042688
1603547936605,2020-10-24T09:58:56.605,85.800,0.000077937,0.000051500,0.000042688
1603547936655,2020-10-24T09:58:56.655,85.850,0.000079375,0.000050813,0.000043812
1603547936705,2020-10-24T09:58:56.705,85.900,0.000078625,0.000051500,0.000043500
1603547936755,2020-10-24T09:58:56.755,85.950,0.000077937,0.000051500,0.000043812
1603547936805,2020-10-24T09:58:56.805,86.000,0.000078250,0.000052250,0.000043812
1603547936855,2020-10-24T09:58:56.855,86.050,0.000078250,0.000051125,0.000043812
1603547936905,2020-10-24T09:58:56.905,86.100,0.000079000,0.000051875,0.000043063
1603547936955,2020-10-24T09:58:56.955,86.150,0.000079000,0.000051125,0.000043437
1603547937005,2020-10-24T09:58:57.005,86.200,0.000078625,0.000052250,0.000043063
1603547937055,2020-10-24T09:58:57.055,86.250,0.000079375,0.000051500,0.000043812
1603547937105,2020-10-24T09:58:57.105,86.300,0.000078250,0.000052250,0.000043063
1603547937155,2020-10-24T09:58:57.155,86.350,0.000078625,0.000051500,0.000044625
1603547937205,2020-10-24T09:58:57.205,86.400,0.000079375,0.000050813,0.000043500
1603547937255,2020-10-24T09:58:57.255,86.450,0.000079000,0.000051500,0.000042688
1603547937305,2020-10-24T09:58:57.305,86.500,0.000078250,0.000051500,0.000044250
1603547937355,2020-10-24T09:58:57.355,86.550,0.000077563,0.000052250,0.000043063
1603547937405,2020-10-24T09:58:57.405,86.600,0.000079000,0.000051875,0.000043063
1603547937455,2020-10-24T09:58:57.455,86.650,0.000079375,0.000051875,0.000043812
1603547937505,2020-10-24T09:58:57.505,86.700,0.000078625,0.000053688,0.000044250
1603547937555,2020-10-24T09:58:57.555,86.750,0.000078625,0.000051875,0.000043437
1603547937605,2020-10-24T09:58:57.605,86.800,0.000078250,0.000051125,0.000044250
1603547937655,2020-10-24T09:58:57.655,86.850,0.000079000,0.000051875,0.000042688
1603547937705,2020-10-24T09:58:57.705,86.900,0.000079000,0.000052250,0.000044625
1603547937755,2020-10-24T09:58:57.755,86.950,0.000078250,0.000052250,0.000044625
1603547937805,2020-10-24T09:58:57.805,87.000,0.000078250,0.000052250,0.000045000
1603547937855,2020-10-24T09:58:57.855,87.050,0.000079000,0.000052250,0.000043437
1603547937905,2020-10-24T09:58:57.905,87.100,0.000078250,0.000051500,0.000043875
1603547937955,2020-10-24T09:58:57.955,87.150,0.000077937,0.000052250,0.000043437
1603547938005,2020-10-24T09:58:58.005,87.200,0.000078250,0.000051875,0.000044188
1603547938055,2020-10-24T09:58:58.055,87.250,0.000079375,0.000050813,0.000044625
1603547938105,2020-10-24T09:58:58.105,87.300,0.000079000,0.000051875,0.000044625
1603547938155,2020-10-24T09:58:58.155,87.350,0.000079000,0.000050813,0.000044625
1603547938205,2020-10-24T09:58:58.205,87.400,0.000078625,0.000051500,0.000044625
1603547938255,2020-10-24T09:58:58.255,87.450,0.000079750,0.000050813,0.000043063
1603547938305,2020-10-24T09:58:58.305,87.500,0.000079000,0.000051500,0.000043812
1603547938355,2020-10-24T09:58:58.355,87.550,0.000078250,0.000052250,0.000043437
1603547938405,2020-10-24T09:58:58.405,87.600,0.000078250,0.000052250,0.000044250
1603547938455,2020-10-24T09:58:58.455,87.650,0.000080062,0.000052250,0.000043437
1603547938505,2020-10-24T09:58:58.505,87.700,0.000079375,0.000052625,0.000043437
1603547938555,2020-10-24T09:58:58.555,87.750,0.000079375,0.000052625,0.000043063
1603547938605,2020-10-24T09:58:58.605,87.800,0.000078625,0.000052250,0.000043437
1603547938655,2020-10-24T09:58:58.655,87.850,0.000079375,0.000051875,0.000043875
1603547938705,2020-10-24T09:58:58.705,87.900,0.000079000,0.000052625,0.000043063
1603547938755,2020-10-24T09:58:58.755,87.950,0.000079750,0.000051875,0.000043437
1603547938805,2020-10-24T09:58:58.805,88.000,0.000078625,0.000051500,0.000043437
1603547938855,2020-10-24T09:58:58.855,88.050,0.000079750,0.000051875,0.000043063
1603547938905,2020-10-24T09:58:58.905,88.100,0.000079000,0.000051500,0.000043437
1603547938955,2020-10-24T09:58:58.955,88.150,0.000079750,0.000051875,0.000044250
1603547939005,2020-10-24T09:58:59.005,88.200,0.000079000,0.000052250,0.000043437
1603547939055,2020-10-24T09:58:59.055,88.250,0.000079000,0.000051875,0.000043063
1603547939105,2020-10-24T09:58:59.105,88.300,0.000079000,0.000051875,0.000043437
1603547939155,2020-10-24T09:58:59.155,88.350,0.000078625,0.000051875,0.000044250
1603547939205,2020-10-24T09:58:59.205,88.400,0.000079000,0.000051500,0.000043812
1603547939255,2020-10-24T09:58:59.255,88.450,0.000079000,0.000051500,0.000043063
1603547939305,2020-10-24T09:58:59.305,88.500,0.000078250,0.000051875,0.000042312
1603547939355,2020-10-24T09:58:59.355,88.550,0.000080438,0.000051125,0.000043812
1603547939405,2020-10-24T09:58:59.405,88.600,0.000079375,0.000051500,0.000044625
1603547939455,2020-10-24T09:58:59.455,88.650,0.000078625,0.000052625,0.000044625
1603547939505,2020-10-24T09:58:59.505,88.700,0.000080438,0.000051875,0.000044250
1603547939555,2020-10-24T09:58:59.555,88.750,0.000078250,0.000052250,0.000043812
1603547939605,2020-10-24T09:58:59.605,88.800,0.000079375,0.000052937,0.000044188
1603547939655,2020-10-24T09:58:59.655,88.850,0.000078625,0.000051875,0.000045000
1603547939705,2020-10-24T09:58:59.705,88.900,0.000078625,0.000052625,0.000044188
1603547939755,2020-10-24T09:58:59.755,88.950,0.000079000,0.000051875,0.000044625
1603547939805,2020-10-24T09:58:59.805,89.000,0.000080062,0.000052625,0.000043812
1603547939855,2020-10-24T09:58:59.855,89.050,0.000079750,0.000051875,0.000043437
1603547939905,2020-10-24T09:58:59.905,89.100,0.000079375,0.000051125,0.000043812
1603547939955,2020-10-24T09:58:59.955,89.150,0.000078625,0.000051125,0.000043437
1603547940005,2020-10-24T09:59:00.005,89.200,0.000079000,0.000051500,0.000044188
1603547940055,2020-10-24T09:59:00.055,89.250,0.000079375,0.000052250,0.000043437
1603547940105,2020-10-24T09:59:00.105,89.300,0.000079375,0.000051500,0.000043812
1603547940155,2020-10-24T09:59:00.155,89.350,0.000079375,0.000050813,0.000043812
1603547940205,2020-10-24T09:59:00.205,89.400,0.000080438,0.000051500,0.000043063
1603547940255,2020-10-24T09:59:00.255,89.450,0.000079000,0.000051125,0.000043812
1603547940305,2020-10-24T09:59:00.305,89.500,0.000080062,0.000051500,0.000043063
1603547940355,2020-10-24T09:59:00.355,89.550,0.000079000,0.000051875,0.000043437
1603547940405,2020-10-24T09:59:00.405,89.600,0.000078625,0.000051500,0.000043812
1603547940455,2020-10-24T09:59:00.455,89.650,0.000079000,0.000051125,0.000043437
1603547940505,2020-10-24T09:59:00.505,89.700,0.000079000,0.000051500,0.000043063
1603547940555,2020-10-24T09:59:00.555,89.750,0.000080438,0.000050813,0.000043063
1603547940605,2020-10-24T09:59:00.605,89.800,0.000079375,0.000051875,0.000044188
1603547940655,2020-10-24T09:59:00.655,89.850,0.000080062,0.000051500,0.000044625
1603547940705,2020-10-24T09:59:00.705,89.900,0.000079000,0.000051875,0.000043812
1603547940755,2020-10-24T09:59:00.755,89.950,0.000078250,0.000051500,0.000043437
1603547940805,2020-10-24T09:59:00.805,90.000,0.000079000,0.000052250,0.000043812
1603547940855,2020-10-24T09:59:00.855,90.050,0.000079375,0.000051500,0.000044625
1603547940905,2020-10-24T09:59:00.905,90.100,0.000079750,0.000051125,0.000043875
1603547940955,2020-10-24T09:59:00.955,90.150,0.000079750,0.000051875,0.000044250
1603547941005,2020-10-24T09:59:01.005,90.200,0.000079000,0.000050813,0.000043812
1603547941055,2020-10-24T09:59:01.055,90.250,0.000078250,0.000051500,0.000043812
1603547941105,2020-10-24T09:59:01.105,90.300,0.000079750,0.000051500,0.000044250
1603547941155,2020-10-24T09:59:01.155,90.350,0.000079750,0.000051875,0.000044250
1603547941205,2020-10-24T09:59:01.205,90.400,0.000080062,0.000050813,0.000043812
1603547941255,2020-10-24T09:59:01.255,90.450,0.000079000,0.000051500,0.000043437
1603547941305,2020-10-24T09:59:01.305,90.500,0.000080062,0.000051125,0.000043500
1603547941355,2020-10-24T09:59:01.355,90.550,0.000080062,0.000051875,0.000043437
1603547941405,2020-10-24T09:59:01.405,90.600,0.000080062,0.000051500,0.000044250
1603547941455,2020-10-24T09:59:01.455,90.650,0.000079375,0.000051500,0.000043875
1603547941505,2020-10-24T09:59:01.505,90.700,0.000080062,0.000050813,0.000043437
1603547941555,2020-10-24T09:59:01.555,90.750,0.000080062,0.000051125,0.000044250
1603547941605,2020-10-24T09:59:01.605,90.800,0.000080062,0.000051500,0.000044250
1603547941655,2020-10-24T09:59:01.655,90.850,0.000080438,0.000051125,0.000044625
1603547941705,2020-10-24T09:59:01.705,90.900,0.000080438,0.000050437,0.000045000
1603547941755,2020-10-24T09:59:01.755,90.950,0.000079375,0.000051875,0.000044250
1603547941805,2020-10-24T09:59:01.805,91.000,0.000081187,0.000052937,0.000044250
1603547941855,2020-10-24T09:59:01.855,91.050,0.000079375,0.000051500,0.000043063
1603547941905,2020-10-24T09:59:01.905,91.100,0.000079375,0.000051500,0.000043875
1603547941955,2020-10-24T09:59:01.955,91.150,0.000078625,0.000052250,0.000043875
1603547942005,2020-10-24T09:59:02.005,91.200,0.000078250,0.000050813,0.000044250
1603547942055,2020-10-24T09:59:02.055,91.250,0.000078625,0.000051500,0.000045375
1603547942105,2020-10-24T09:59:02.105,91.300,0.000080438,0.000051500,0.000044625
1603547942155,2020-10-24T09:59:02.155,91.350,0.000079000,0.000051125,0.000044625
1603547942205,2020-10-24T09:59:02.205,91.400,0.000079375,0.000052250,0.000043437
1603547942255,2020-10-24T09:59:02.255,91.450,0.000079375,0.000051125,0.000044625
1603547942305,2020-10-24T09:59:02.305,91.500,0.000079375,0.000051125,0.000043875
1603547942355,2020-10-24T09:59:02.355,91.550,0.000079750,0.000051125,0.000045000
1603547942405,2020-10-24T09:59:02.405,91.600,0.000079000,0.000050813,0.000043875
1603547942455,2020-10-24T09:59:02.455,91.650,0.000080062,0.000051500,0.000042688
1603547942505,2020-10-24T09:59:02.505,91.700,0.000079375,0.000052625,0.000043812
1603547942555,2020-10-24T09:59:02.555,91.750,0.000080438,0.000051125,0.000043500
1603547942605,2020-10-24T09:59:02.605,91.800,0.000079375,0.000051875,0.000044250
1603547942655,2020-10-24T09:59:02.655,91.850,0.000079750,0.000051500,0.000043875
1603547942705,2020-10-24T09:59:02.705,91.900,0.000080438,0.000051500,0.000045000
1603547942755,2020-10-24T09:59:02.755,91.950,0.000081187,0.000051875,0.000043875
1603547942805,2020-10-24T09:59:02.805,92.000,0.000079750,0.000051125,0.000044250
1603547942855,2020-10-24T09:59:02.855,92.050,0.000080062,0.000052250,0.000044250
1603547942905,2020-10-24T09:59:02.905,92.100,0.000080062,0.000052250,0.000045000
1603547942955,2020-10-24T09:59:02.955,92.150,0.000078625,0.000051500,0.000043875
1603547943005,2020-10-24T09:59:03.005,92.200,0.000079750,0.000051875,0.000043063
1603547943055,2020-10-24T09:59:03.055,92.250,0.000079375,0.000051875,0.000044250
1603547943105,2020-10-24T09:59:03.105,92.300,0.000079750,0.000050813,0.000043063
1603547943155,2020-10-24T09:59:03.155,92.350,0.000078625,0.000051125,0.000043437
1603547943205,2020-10-24T09:59:03.205,92.400,0.000079000,0.000052250,0.000043063
1603547943255,2020-10-24T09:59:03.255,92.450,0.000079750,0.000051500,0.000043875
1603547943305,2020-10-24T09:59:03.305,92.500,0.000079000,0.000051500,0.000043063
1603547943355,2020-10-24T09:59:03.355,92.550,0.000079000,0.000050437,0.000043875
1603547943405,2020-10-24T09:59:03.405,92.600,0.000079375,0.000051500,0.000043812
1603547943455,2020-10-24T09:59:03.455,92.650,0.000079000,0.000051500,0.000043063
1603547943505,2020-10-24T09:59:03.505,92.700,0.000078625,0.000052250,0.000043063
1603547943555,2020-10-24T09:59:03.555,92.750,0.000079375,0.000051500,0.000044188
1603547943605,2020-10-24T09:59:03.605,92.800,0.000079375,0.000051875,0.000044250
1603547943655,2020-10-24T09:59:03.655,92.850,0.000078625,0.000051500,0.000043437
1603547943705,2020-10-24T09:59:03.705,92.900,0.000079375,0.000051500,0.000043063
1603547943755,2020-10-24T09:59:03.755,92.950,0.000079375,0.000051500,0.000043437
1603547943805,2020-10-24T09:59:03.805,93.000,0.000079750,0.000051500,0.000043437
1603547943855,2020-10-24T09:59:03.855,93.050,0.000079000,0.000051125,0.000043063
1603547943905,2020-10-24T09:59:03.905,93.100,0.000079000,0.000051875,0.000043437
1603547943955,2020-10-24T09:59:03.955,93.150,0.000079000,0.000051500,0.000043812
1603547944005,2020-10-24T09:59:04.005,93.200,0.000079750,0.000051125,0.000043063
1603547944055,2020-10-24T09:59:04.055,93.250,0.000079000,0.000051500,0.000043875
1603547944105,2020-10-24T09:59:04.105,93.300,0.000079750,0.000051875,0.000043437
1603547944155,2020-10-24T09:59:04.155,93.350,0.000079000,0.000051875,0.000044250
1603547944205,2020-10-24T09:59:04.205,93.400,0.000079000,0.000051875,0.000043437
1603547944255,2020-10-24T09:59:04.255,93.450,0.000077937,0.000051500,0.000043063
1603547944305,2020-10-24T09:59:04.305,93.500,0.000078625,0.000051875,0.000042688
1603547944355,2020-10-24T09:59:04.355,93.550,0.000078250,0.000052250,0.000043437
1603547944405,2020-10-24T09:59:04.405,93.600,0.000077937,0.000051875,0.000041937
1603547944455,2020-10-24T09:59:04.455,93.650,0.000078250,0.000051875,0.000043063
1603547944505,2020-10-24T09:59:04.505,93.700,0.000078625,0.000051875,0.000043063
1603547944555,2020-10-24T09:59:04.555,93.750,0.000077563,0.000052625,0.000043063
1603547944605,2020-10-24T09:59:04.605,93.800,0.000079000,0.000051875,0.000042688
1603547944655,2020-10-24T09:59:04.655,93.850,0.000078625,0.000053312,0.000043812
1603547944705,2020-10-24T09:59:04.705,93.900,0.000078625,0.000052937,0.000041562
1603547944755,2020-10-24T09:59:04.755,93.950,0.000078250,0.000052937,0.000043437
1603547944805,2020-10-24T09:59:04.805,94.000,0.000077563,0.000052250,0.000043063
1603547944855,2020-10-24T09:59:04.855,94.050,0.000079375,0.000053312,0.000042312
1603547944905,2020-10-24T09:59:04.905,94.100,0.000078625,0.000051875,0.000043063
1603547944955,2020-10-24T09:59:04.955,94.150,0.000078625,0.000052937,0.000042688
1603547945005,2020-10-24T09:59:05.005,94.200,0.000078250,0.000052625,0.000043812
1603547945055,2020-10-24T09:59:05.055,94.250,0.000079375,0.000051875,0.000044250
1603547945105,2020-10-24T09:59:05.105,94.300,0.000078625,0.000051875,0.000044188
1603547945155,2020-10-24T09:59:05.155,94.350,0.000079375,0.000052250,0.000043437
1603547945205,2020-10-24T09:59:05.205,94.400,0.000077937,0.000051500,0.000043812
1603547945255,2020-10-24T09:59:05.255,94.450,0.000077937,0.000051875,0.000043437
1603547945305,2020-10-24T09:59:05.305,94.500,0.000079000,0.000052250,0.000043875
1603547945355,2020-10-24T09:59:05.355,94.550,0.000078250,0.000052625,0.000044625
1603547945405,2020-10-24T09:59:05.405,94.600,0.000079000,0.000052937,0.000043875
1603547945455,2020-10-24T09:59:05.455,94.650,0.000077937,0.000051875,0.000041937
1603547945505,2020-10-24T09:59:05.505,94.700,0.000077937,0.000052625,0.000042312
1603547945555,2020-10-24T09:59:05.555,94.750,0.000078250,0.000051875,0.000043063
1603547945605,2020-10-24T09:59:05.605,94.800,0.000079000,0.000052625,0.000042688
1603547945655,2020-10-24T09:59:05.655,94.850,0.000077563,0.000052937,0.000044250
1603547945705,2020-10-24T09:59:05.705,94.900,0.000077937,0.000052250,0.000043437
1603547945755,2020-10-24T09:59:05.755,94.950,0.000079750,0.000052250,0.000043875
1603547945805,2020-10-24T09:59:05.805,95.000,0.000079000,0.000052250,0.000043063
1603547945855,2020-10-24T09:59:05.855,95.050,0.000077563,0.000051500,0.000044250
1603547945905,2020-10-24T09:59:05.905,95.100,0.000079375,0.000051875,0.000042312
1603547945955,2020-10-24T09:59:05.955,95.150,0.000077563,0.000051500,0.000042688
1603547946005,2020-10-24T09:59:06.005,95.200,0.000079375,0.000052625,0.000043063
1603547946055,2020-10-24T09:59:06.055,95.250,0.000078625,0.000052625,0.000043875
1603547946105,2020-10-24T09:59:06.105,95.300,0.000079000,0.000052250,0.000043500
1603547946155,2020-10-24T09:59:06.155,95.350,0.000078625,0.000052625,0.000043875
1603547946205,2020-10-24T09:59:06.205,95.400,0.000078625,0.000051500,0.000042688
1603547946255,2020-10-24T09:59:06.255,95.450,0.000079000,0.000051125,0.000043437
1603547946305,2020-10-24T09:59:06.305,95.500,0.000079000,0.000051500,0.000045375
1603547946355,2020-10-24T09:59:06.355,95.550,0.000079000,0.000052250,0.000043812
1603547946405,2020-10-24T09:59:06.405,95.600,0.000079000,0.000050813,0.000043875
1603547946455,2020-10-24T09:59:06.455,95.650,0.000079375,0.000051500,0.000044625
1603547946505,2020-10-24T09:59:06.505,95.700,0.000080062,0.000050437,0.000044625
1603547946555,2020-10-24T09:59:06.555,95.750,0.000079750,0.000051500,0.000043875
1603547946605,2020-10-24T09:59:06.605,95.800,0.000080438,0.000050813,0.000045000
1603547946655,2020-10-24T09:59:06.655,95.850,0.000080812,0.000050062,0.000045000
1603547946705,2020-10-24T09:59:06.705,95.900,0.000080062,0.000050437,0.000044250
1603547946755,2020-10-24T09:59:06.755,95.950,0.000080062,0.000050437,0.000044250
1603547946805,2020-10-24T09:59:06.805,96.000,0.000080062,0.000050437,0.000044625
1603547946855,2020-10-24T09:59:06.855,96.050,0.000079750,0.000050813,0.000045375
1603547946905,2020-10-24T09:59:06.905,96.100,0.000079375,0.000051500,0.000046125
1603547946955,2020-10-24T09:59:06.955,96.150,0.000079750,0.000051125,0.000043063
1603547947005,2020-10-24T09:59:07.005,96.200,0.000078250,0.000050437,0.000045750
1603547947055,2020-10-24T09:59:07.055,96.250,0.000079750,0.000051500,0.000044250
1603547947105,2020-10-24T09:59:07.105,96.300,0.000079000,0.000051125,0.000044625
1603547947155,2020-10-24T09:59:07.155,96.350,0.000079375,0.000051125,0.000043875
1603547947205,2020-10-24T09:59:07.205,96.400,0.000080438,0.000050437,0.000043875
1603547947255,2020-10-24T09:59:07.255,96.450,0.000079750,0.000051875,0.000044250
1603547947305,2020-10-24T09:59:07.305,96.500,0.000080062,0.000051125,0.000044250
1603547947355,2020-10-24T09:59:07.355,96.550,0.000079000,0.000051125,0.000043500
1603547947405,2020-10-24T09:59:07.405,96.600,0.000079375,0.000052250,0.000044625
1603547947455,2020-10-24T09:59:07.455,96.650,0.000079000,0.000052250,0.000045375
1603547947505,2020-10-24T09:59:07.505,96.700,0.000079375,0.000051125,0.000044625
1603547947555,2020-10-24T09:59:07.555,96.750,0.000080438,0.000051875,0.000043437
1603547947605,2020-10-24T09:59:07.605,96.800,0.000079000,0.000051125,0.000043500
1603547947655,2020-10-24T09:59:07.655,96.850,0.000079750,0.000051500,0.000044625
1603547947705,2020-10-24T09:59:07.705,96.900,0.000077937,0.000051875,0.000044625
1603547947755,2020-10-24T09:59:07.755,96.950,0.000078625,0.000051500,0.000045000
1603547947805,2020-10-24T09:59:07.805,97.000,0.000079375,0.000051875,0.000044625
1603547947855,2020-10-24T09:59:07.855,97.050,0.000079000,0.000051500,0.000044625
1603547947905,2020-10-24T09:59:07.905,97.100,0.000080438,0.000051500,0.000043812
1603547947955,2020-10-24T09:59:07.955,97.150,0.000079000,0.000052250,0.000044625
1603547948005,2020-10-24T09:59:08.005,97.200,0.000080062,0.000051875,0.000043812
1603547948055,2020-10-24T09:59:08.055,97.250,0.000079375,0.000051875,0.000045000
1603547948105,2020-10-24T09:59:08.105,97.300,0.000079000,0.000051500,0.000045375
1603547948155,2020-10-24T09:59:08.155,97.350,0.000080062,0.000050437,0.000045000
1603547948205,2020-10-24T09:59:08.205,97.400,0.000079375,0.000052937,0.000045375
1603547948255,2020-10-24T09:59:08.255,97.450,0.000078625,0.000051875,0.000045000
1603547948305,2020-10-24T09:59:08.305,97.500,0.000079000,0.000051125,0.000044250
1603547948355,2020-10-24T09:59:08.355,97.550,0.000079000,0.000051125,0.000045375
1603547948405,2020-10-24T09:59:08.405,97.600,0.000078625,0.000050813,0.000044625
1603547948455,2020-10-24T09:59:08.455,97.650,0.000078625,0.000051500,0.000045000
1603547948505,2020-10-24T09:59:08.505,97.700,0.000078625,0.000051875,0.000043812
1603547948555,2020-10-24T09:59:08.555,97.750,0.000078250,0.000051500,0.000045375
1603547948605,2020-10-24T09:59:08.605,97.800,0.000079375,0.000051125,0.000044250
1603547948655,2020-10-24T09:59:08.655,97.850,0.000078625,0.000050813,0.000045750
1603547948705,2020-10-24T09:59:08.705,97.900,0.000080062,0.000050813,0.000045000
1603547948755,2020-10-24T09:59:08.755,97.950,0.000079000,0.000051125,0.000045000
1603547948805,2020-10-24T09:59:08.805,98.000,0.000079000,0.000051125,0.000044250
1603547948855,2020-10-24T09:59:08.855,98.050,0.000079750,0.000052625,0.000042688
1603547948905,2020-10-24T09:59:08.905,98.100,0.000079375,0.000051125,0.000043875
1603547948955,2020-10-24T09:59:08.955,98.150,0.000079000,0.000051500,0.000043437
1603547949005,2020-10-24T09:59:09.005,98.200,0.000078625,0.000051500,0.000044250
1603547949055,2020-10-24T09:59:09.055,98.250,0.000080062,0.000051125,0.000044625
1603547949105,2020-10-24T09:59:09.105,98.300,0.000078625,0.000051125,0.000043812
1603547949155,2020-10-24T09:59:09.155,98.350,0.000079000,0.000052625,0.000045000
1603547949205,2020-10-24T09:59:09.205,98.400,0.000079375,0.000050437,0.000043875
1603547949255,2020-10-24T09:59:09.255,98.450,0.000079750,0.000051125,0.000044625
1603547949305,2020-10-24T09:59:09.305,98.500,0.000077937,0.000051500,0.000043875
1603547949355,2020-10-24T09:59:09.355,98.550,0.000079375,0.000051125,0.000044250
1603547949405,2020-10-24T09:59:09.405,98.600,0.000079000,0.000051125,0.000044625
1603547949455,2020-10-24T09:59:09.455,98.650,0.000078250,0.000051500,0.000043437
1603547949505,2020-10-24T09:59:09.505,98.700,0.000079000,0.000051875,0.000044250
1603547949555,2020-10-24T09:59:09.555,98.750,0.000077563,0.000052250,0.000043875
1603547949605,2020-10-24T09:59:09.605,98.800,0.000079375,0.000051125,0.000043875
1603547949655,2020-10-24T09:59:09.655,98.850,0.000079375,0.000051875,0.000044250
1603547949705,2020-10-24T09:59:09.705,98.900,0.000079000,0.000051875,0.000043875
1603547949755,2020-10-24T09:59:09.755,98.950,0.000079375,0.000051500,0.000043875
1603547949805,2020-10-24T09:59:09.805,99.000,0.000079000,0.000051500,0.000044625
1603547949855,2020-10-24T09:59:09.855,99.050,0.000079000,0.000051875,0.000044250
1603547949905,2020-10-24T09:59:09.905,99.100,0.000079750,0.000051500,0.000043875
1603547949955,2020-10-24T09:59:09.955,99.150,0.000078625,0.000052625,0.000044250
1603547950005,2020-10-24T09:59:10.005,99.200,0.000079375,0.000051875,0.000043063
1603547950055,2020-10-24T09:59:10.055,99.250,0.000078625,0.000051500,0.000043063
1603547950105,2020-10-24T09:59:10.105,99.300,0.000079000,0.000051875,0.000044625
1603547950155,2020-10-24T09:59:10.155,99.350,0.000078250,0.000051125,0.000043875
1603547950205,2020-10-24T09:59:10.205,99.400,0.000079000,0.000051500,0.000043063
1603547950255,2020-10-24T09:59:10.255,99.450,0.000079375,0.000051125,0.000044250
1603547950305,2020-10-24T09:59:10.305,99.500,0.000079000,0.000051500,0.000043875
1603547950355,2020-10-24T09:59:10.355,99.550,0.000079750,0.000052937,0.000043875
1603547950405,2020-10-24T09:59:10.405,99.600,0.000079000,0.000050437,0.000044250
1603547950455,2020-10-24T09:59:10.455,99.650,0.000078625,0.000051125,0.000044625
1603547950505,2020-10-24T09:59:10.505,99.700,0.000078625,0.000051875,0.000043437
1603547950555,2020-10-24T09:59:10.555,99.750,0.000079000,0.000052250,0.000044250
1603547950605,2020-10-24T09:59:10.605,99.800,0.000078250,0.000051500,0.000044250
1603547950655,2020-10-24T09:59:10.655,99.850,0.000079375,0.000051500,0.000043875
1603547950705,2020-10-24T09:59:10.705,99.900,0.000079000,0.000051500,0.000043875
1603547950755,2020-10-24T09:59:10.755,99.950,0.000080438,0.000051500,0.000044625
1603547950805,2020-10-24T09:59:10.805,100.000,0.000079000,0.000051875,0.000045000
1603547950855,2020-10-24T09:59:10.855,100.050,0.000079000,0.000051500,0.000043875
1603547950905,2020-10-24T09:59:10.905,100.100,0.000078250,0.000051125,0.000044625
1603547950955,2020-10-24T09:59:10.955,100.150,0.000077937,0.000052625,0.000044250
1603547951005,2020-10-24T09:59:11.005,100.200,0.000079000,0.000051875,0.000044250
1603547951055,2020-10-24T09:59:11.055,100.250,0.000080438,0.000051875,0.000044250
1603547951105,2020-10-24T09:59:11.105,100.300,0.000078625,0.000051875,0.000043875
1603547951155,2020-10-24T09:59:11.155,100.350,0.000079750,0.000052250,0.000044625
1603547951205,2020-10-24T09:59:11.205,100.400,0.000078625,0.000051875,0.000044250
1603547951255,2020-10-24T09:59:11.255,100.450,0.000079375,0.000052250,0.000043500
1603547951305,2020-10-24T09:59:11.305,100.500,0.000080062,0.000051875,0.000043437
1603547951355,2020-10-24T09:59:11.355,100.550,0.000080438,0.000051125,0.000044250
1603547951405,2020-10-24T09:59:11.405,100.600,0.000080062,0.000051500,0.000043500
1603547951455,2020-10-24T09:59:11.455,100.650,0.000080062,0.000052250,0.000044250
1603547951505,2020-10-24T09:59:11.505,100.700,0.000080812,0.000051500,0.000042688
1603547951555,2020-10-24T09:59:11.555,100.750,0.000080812,0.000050437,0.000045000
1603547951605,2020-10-24T09:59:11.605,100.800,0.000080438,0.000051125,0.000044250
1603547951655,2020-10-24T09:59:11.655,100.850,0.000081187,0.000051500,0.000044250
1603547951705,2020-10-24T09:59:11.705,100.900,0.000080812,0.000050813,0.000044250
1603547951755,2020-10-24T09:59:11.755,100.950,0.000081187,0.000050437,0.000044250
1603547951805,2020-10-24T09:59:11.805,101.000,0.000081563,0.000050437,0.000044250
1603547951855,2020-10-24T09:59:11.855,101.050,0.000080438,0.000049687,0.000045375
1603547951905,2020-10-24T09:59:11.905,101.100,0.000081187,0.000050813,0.000044625
1603547951955,2020-10-24T09:59:11.955,101.150,0.000080812,0.000051125,0.000044188
1603547952005,2020-10-24T09:59:12.005,101.200,0.000080812,0.000051875,0.000045000
1603547952055,2020-10-24T09:59:12.055,101.250,0.000080438,0.000050813,0.000043875
1603547952105,2020-10-24T09:59:12.105,101.300,0.000081875,0.000050813,0.000044250
1603547952155,2020-10-24T09:59:12.155,101.350,0.000080438,0.000051125,0.000045375
1603547952205,2020-10-24T09:59:12.205,101.400,0.000080438,0.000051875,0.000044625
1603547952255,2020-10-24T09:59:12.255,101.450,0.000080438,0.000050437,0.000043875
1603547952305,2020-10-24T09:59:12.305,101.500,0.000080438,0.000050437,0.000043500
1603547952355,2020-10-24T09:59:12.355,101.550,0.000079750,0.000049000,0.000043875
1603547952405,2020-10-24T09:59:12.405,101.600,0.000080438,0.000051125,0.000043437
1603547952455,2020-10-24T09:59:12.455,101.650,0.000080062,0.000051125,0.000043500
1603547952505,2020-10-24T09:59:12.505,101.700,0.000080812,0.000051500,0.000043875
1603547952555,2020-10-24T09:59:12.555,101.750,0.000080438,0.000050437,0.000043500
1603547952605,2020-10-24T09:59:12.605,101.800,0.000080438,0.000050437,0.000043875
1603547952655,2020-10-24T09:59:12.655,101.850,0.000080812,0.000051125,0.000043875
1603547952705,2020-10-24T09:59:12.705,101.900,0.000081563,0.000050813,0.000044250
1603547952755,2020-10-24T09:59:12.755,101.950,0.000079750,0.000051125,0.000045000
1603547952805,2020-10-24T09:59:12.805,102.000,0.000080062,0.000051500,0.000044250
1603547952855,2020-10-24T09:59:12.855,102.050,0.000080062,0.000051500,0.000043875
1603547952905,2020-10-24T09:59:12.905,102.100,0.000079000,0.000051875,0.000043063
1603547952955,2020-10-24T09:59:12.955,102.150,0.000080062,0.000051500,0.000043875
1603547953005,2020-10-24T09:59:13.005,102.200,0.000079375,0.000050437,0.000044625
1603547953055,2020-10-24T09:59:13.055,102.250,0.000081563,0.000051125,0.000044250
1603547953105,2020-10-24T09:59:13.105,102.300,0.000079750,0.000051500,0.000043875
1603547953155,2020-10-24T09:59:13.155,102.350,0.000080812,0.000050813,0.000043500
1603547953205,2020-10-24T09:59:13.205,102.400,0.000079750,0.000050437,0.000044625
1603547953255,2020-10-24T09:59:13.255,102.450,0.000080062,0.000051875,0.000043437
1603547953305,2020-10-24T09:59:13.305,102.500,0.000080062,0.000051125,0.000044625
1603547953355,2020-10-24T09:59:13.355,102.550,0.000079000,0.000051500,0.000043500
1603547953405,2020-10-24T09:59:13.405,102.600,0.000080062,0.000050813,0.000043063
1603547953455,2020-10-24T09:59:13.455,102.650,0.000079375,0.000052250,0.000042312
1603547953505,2020-10-24T09:59:13.505,102.700,0.000080438,0.000052250,0.000042312
1603547953555,2020-10-24T09:59:13.555,102.750,0.000079000,0.000052250,0.000042688
1603547953605,2020-10-24T09:59:13.605,102.800,0.000079000,0.000052250,0.000043875
1603547953655,2020-10-24T09:59:13.655,102.850,0.000079750,0.000052625,0.000042688
1603547953705,2020-10-24T09:59:13.705,102.900,0.000079750,0.000051500,0.000043875
1603547953755,2020-10-24T09:59:13.755,102.950,0.000078250,0.000051125,0.000042312
1603547953805,2020-10-24T09:59:13.805,103.000,0.000079375,0.000051875,0.000042312
1603547953855,2020-10-24T09:59:13.855,103.050,0.000079000,0.000051500,0.000043125
1603547953905,2020-10-24T09:59:13.905,103.100,0.000079000,0.000051125,0.000043500
1603547953955,2020-10-24T09:59:13.955,103.150,0.000079375,0.000052250,0.000044250
1603547954005,2020-10-24T09:59:14.005,103.200,0.000080125,0.000051500,0.000043875
1603547954055,2020-10-24T09:59:14.055,103.250,0.000079000,0.000051875,0.000042688
1603547954105,2020-10-24T09:59:14.105,103.300,0.000079375,0.000052250,0.000042312
1603547954155,2020-10-24T09:59:14.155,103.350,0.000079750,0.000051875,0.000043500
1603547954205,2020-10-24T09:59:14.205,103.400,0.000080438,0.000051500,0.000043875
1603547954255,2020-10-24T09:59:14.255,103.450,0.000079000,0.000052250,0.000042688
1603547954305,2020-10-24T09:59:14.305,103.500,0.000079750,0.000052250,0.000043063
1603547954355,2020-10-24T09:59:14.355,103.550,0.000079375,0.000052250,0.000043063
1603547954405,2020-10-24T09:59:14.405,103.600,0.000079375,0.000051500,0.000043125
1603547954455,2020-10-24T09:59:14.455,103.650,0.000079000,0.000051500,0.000044250
1603547954505,2020-10-24T09:59:14.505,103.700,0.000079000,0.000051500,0.000043500
1603547954555,2020-10-24T09:59:14.555,103.750,0.000080062,0.000050813,0.000043875
1603547954605,2020-10-24T09:59:14.605,103.800,0.000079750,0.000052250,0.000042688
1603547954655,2020-10-24T09:59:14.655,103.850,0.000080125,0.000052250,0.000043875
1603547954705,2020-10-24T09:59:14.705,103.900,0.000079375,0.000051500,0.000043063
1603547954755,2020-10-24T09:59:14.755,103.950,0.000079750,0.000051500,0.000044250
1603547954805,2020-10-24T09:59:14.805,104.000,0.000079750,0.000051875,0.000044250
1603547954855,2020-10-24T09:59:14.855,104.050,0.000080438,0.000051875,0.000044625
1603547954905,2020-10-24T09:59:14.905,104.100,0.000079750,0.000051125,0.000042312
1603547954955,2020-10-24T09:59:14.955,104.150,0.000079750,0.000051500,0.000043437
1603547955005,2020-10-24T09:59:15.005,104.200,0.000079000,0.000051500,0.000043063
1603547955055,2020-10-24T09:59:15.055,104.250,0.000080125,0.000052250,0.000044625
1603547955105,2020-10-24T09:59:15.105,104.300,0.000079375,0.000051500,0.000043063
1603547955155,2020-10-24T09:59:15.155,104.350,0.000079750,0.000051500,0.000044625
1603547955205,2020-10-24T09:59:15.205,104.400,0.000078625,0.000051875,0.000045375
1603547955255,2020-10-24T09:59:15.255,104.450,0.000080438,0.000052250,0.000041937
1603547955305,2020-10-24T09:59:15.305,104.500,0.000080812,0.000051875,0.000044625
1603547955355,2020-10-24T09:59:15.355,104.550,0.000080125,0.000051500,0.000043875
1603547955405,2020-10-24T09:59:15.405,104.600,0.000079375,0.000051125,0.000043875
1603547955455,2020-10-24T09:59:15.455,104.650,0.000079375,0.000051875,0.000042688
1603547955505,2020-10-24T09:59:15.505,104.700,0.000079375,0.000051500,0.000044250
1603547955555,2020-10-24T09:59:15.555,104.750,0.000080062,0.000051500,0.000045375
1603547955605,2020-10-24T09:59:15.605,104.800,0.000079375,0.000051875,0.000045000
1603547955655,2020-10-24T09:59:15.655,104.850,0.000079375,0.000050437,0.000045000
1603547955705,2020-10-24T09:59:15.705,104.900,0.000078250,0.000051875,0.000045000
1603547955755,2020-10-24T09:59:15.755,104.950,0.000079750,0.000050813,0.000043500
1603547955805,2020-10-24T09:59:15.805,105.000,0.000078625,0.000051500,0.000044625
1603547955855,2020-10-24T09:59:15.855,105.050,0.000079000,0.000052625,0.000044625
1603547955905,2020-10-24T09:59:15.905,105.100,0.000078625,0.000051500,0.000044250
1603547955955,2020-10-24T09:59:15.955,105.150,0.000079000,0.000051500,0.000044250
1603547956005,2020-10-24T09:59:16.005,105.200,0.000078625,0.000051500,0.000046125
1603547956055,2020-10-24T09:59:16.055,105.250,0.000079375,0.000051500,0.000043875
1603547956105,2020-10-24T09:59:16.105,105.300,0.000079375,0.000050437,0.000044250
1603547956155,2020-10-24T09:59:16.155,105.350,0.000080062,0.000051875,0.000043875
1603547956205,2020-10-24T09:59:16.205,105.400,0.000079000,0.000051500,0.000044625
1603547956255,2020-10-24T09:59:16.255,105.450,0.000079000,0.000051125,0.000044625
1603547956305,2020-10-24T09:59:16.305,105.500,0.000079375,0.000051125,0.000044625
1603547956355,2020-10-24T09:59:16.355,105.550,0.000079750,0.000051875,0.000043437
1603547956405,2020-10-24T09:59:16.405,105.600,0.000078625,0.000052250,0.000044250
1603547956455,2020-10-24T09:59:16.455,105.650,0.000079375,0.000051125,0.000044250
1603547956505,2020-10-24T09:59:16.505,105.700,0.000079375,0.000051875,0.000043875
1603547956555,2020-10-24T09:59:16.555,105.750,0.000079375,0.000052250,0.000043875
1603547956605,2020-10-24T09:59:16.605,105.800,0.000079000,0.000051875,0.000043063
1603547956655,2020-10-24T09:59:16.655,105.850,0.000079750,0.000051500,0.000043875
1603547956705,2020-10-24T09:59:16.705,105.900,0.000079000,0.000051875,0.000043875
1603547956755,2020-10-24T09:59:16.755,105.950,0.000078625,0.000051125,0.000044250
1603547956805,2020-10-24T09:59:16.805,106.000,0.000078625,0.000052250,0.000043500
1603547956855,2020-10-24T09:59:16.855,106.050,0.000079750,0.000050813,0.000043875
1603547956905,2020-10-24T09:59:16.905,106.100,0.000079000,0.000051875,0.000043875
1603547956955,2020-10-24T09:59:16.955,106.150,0.000078250,0.000051875,0.000044250
1603547957005,2020-10-24T09:59:17.005,106.200,0.000079000,0.000052250,0.000043875
1603547957055,2020-10-24T09:59:17.055,106.250,0.000078625,0.000051875,0.000043500
1603547957105,2020-10-24T09:59:17.105,106.300,0.000078625,0.000051500,0.000043875
1603547957155,2020-10-24T09:59:17.155,106.350,0.000078625,0.000051875,0.000045000
1603547957205,2020-10-24T09:59:17.205,106.400,0.000078625,0.000051875,0.000043500
1603547957255,2020-10-24T09:59:17.255,106.450,0.000079375,0.000051875,0.000043875
1603547957305,2020-10-24T09:59:17.305,106.500,0.000079750,0.000052250,0.000044250
1603547957355,2020-10-24T09:59:17.355,106.550,0.000079750,0.000051875,0.000043437
1603547957405,2020-10-24T09:59:17.405,106.600,0.000078625,0.000051125,0.000043875
1603547957455,2020-10-24T09:59:17.455,106.650,0.000079375,0.000052625,0.000043875
1603547957505,2020-10-24T09:59:17.505,106.700,0.000079000,0.000051875,0.000042312
1603547957555,2020-10-24T09:59:17.555,106.750,0.000079375,0.000051875,0.000043500
1603547957605,2020-10-24T09:59:17.605,106.800,0.000078625,0.000051500,0.000043500
1603547957655,2020-10-24T09:59:17.655,106.850,0.000078625,0.000050813,0.000043063
1603547957705,2020-10-24T09:59:17.705,106.900,0.000079000,0.000051500,0.000043500
1603547957755,2020-10-24T09:59:17.755,106.950,0.000079375,0.000051125,0.000043875
1603547957805,2020-10-24T09:59:17.805,107.000,0.000078250,0.000051500,0.000042688
1603547957855,2020-10-24T09:59:17.855,107.050,0.000079000,0.000051500,0.000043500
1603547957905,2020-10-24T09:59:17.905,107.100,0.000080438,0.000051125,0.000043875
1603547957955,2020-10-24T09:59:17.955,107.150,0.000078625,0.000051875,0.000043875
1603547958005,2020-10-24T09:59:18.005,107.200,0.000079750,0.000051875,0.000044250
1603547958055,2020-10-24T09:59:18.055,107.250,0.000079000,0.000051125,0.000043875
1603547958105,2020-10-24T09:59:18.105,107.300,0.000079375,0.000051500,0.000044625
1603547958155,2020-10-24T09:59:18.155,107.350,0.000078625,0.000052250,0.000043875
1603547958205,2020-10-24T09:59:18.205,107.400,0.000079000,0.000051500,0.000044625
1603547958255,2020-10-24T09:59:18.255,107.450,0.000079375,0.000051875,0.000044625
1603547958305,2020-10-24T09:59:18.305,107.500,0.000080438,0.000052250,0.000044625
1603547958355,2020-10-24T09:59:18.355,107.550,0.000080062,0.000051875,0.000042688
1603547958405,2020-10-24T09:59:18.405,107.600,0.000079750,0.000051875,0.000044625
1603547958455,2020-10-24T09:59:18.455,107.650,0.000079375,0.000051500,0.000044250
1603547958505,2020-10-24T09:59:18.505,107.700,0.000080438,0.000052625,0.000043500
1603547958555,2020-10-24T09:59:18.555,107.750,0.000079000,0.000051500,0.000043875
1603547958605,2020-10-24T09:59:18.605,107.800,0.000079750,0.000052250,0.000043500
1603547958655,2020-10-24T09:59:18.655,107.850,0.000079000,0.000052250,0.000042688
1603547958705,2020-10-24T09:59:18.705,107.900,0.000079375,0.000050813,0.000044250
1603547958755,2020-10-24T09:59:18.755,107.950,0.000079750,0.000051125,0.000043437
1603547958805,2020-10-24T09:59:18.805,108.000,0.000080062,0.000051125,0.000044250
1603547958855,2020-10-24T09:59:18.855,108.050,0.000078625,0.000051125,0.000043875
1603547958905,2020-10-24T09:59:18.905,108.100,0.000079750,0.000051500,0.000044625
1603547958955,2020-10-24T09:59:18.955,108.150,0.000079750,0.000050813,0.000045375
1603547959005,2020-10-24T09:59:19.005,108.200,0.000080062,0.000051875,0.000043875
1603547959055,2020-10-24T09:59:19.055,108.250,0.000079000,0.000051125,0.000044250
1603547959105,2020-10-24T09:59:19.105,108.300,0.000078625,0.000051500,0.000044625
1603547959155,2020-10-24T09:59:19.155,108.350,0.000079000,0.000051500,0.000044625
1603547959205,2020-10-24T09:59:19.205,108.400,0.000079750,0.000051500,0.000045000
1603547959255,2020-10-24T09:59:19.255,108.450,0.000078625,0.000051500,0.000043437
1603547959305,2020-10-24T09:59:19.305,108.500,0.000078250,0.000051875,0.000044250
1603547959355,2020-10-24T09:59:19.355,108.550,0.000078250,0.000050813,0.000043875
1603547959405,2020-10-24T09:59:19.405,108.600,0.000079375,0.000051875,0.000043875
1603547959455,2020-10-24T09:59:19.455,108.650,0.000080438,0.000051125,0.000043875
1603547959505,2020-10-24T09:59:19.505,108.700,0.000078625,0.000052250,0.000043437
1603547959555,2020-10-24T09:59:19.555,108.750,0.000079750,0.000052625,0.000043875
1603547959605,2020-10-24T09:59:19.605,108.800,0.000079000,0.000050062,0.000043437
1603547959655,2020-10-24T09:59:19.655,108.850,0.000080062,0.000051875,0.000043437
1603547959705,2020-10-24T09:59:19.705,108.900,0.000080125,0.000051125,0.000044250
1603547959755,2020-10-24T09:59:19.755,108.950,0.000079750,0.000051500,0.000043063
1603547959805,2020-10-24T09:59:19.805,109.000,0.000077937,0.000052250,0.000044250
1603547959855,2020-10-24T09:59:19.855,109.050,0.000079000,0.000051875,0.000043437
1603547959905,2020-10-24T09:59:19.905,109.100,0.000079000,0.000050437,0.000044250
1603547959955,2020-10-24T09:59:19.955,109.150,0.000079000,0.000051875,0.000043875
1603547960005,2020-10-24T09:59:20.005,109.200,0.000078625,0.000051500,0.000043875
1603547960055,2020-10-24T09:59:20.055,109.250,0.000079000,0.000050813,0.000044625
1603547960105,2020-10-24T09:59:20.105,109.300,0.000079750,0.000052937,0.000044625
1603547960155,2020-10-24T09:59:20.155,109.350,0.000077937,0.000052250,0.000043063
1603547960205,2020-10-24T09:59:20.205,109.400,0.000079000,0.000052625,0.000044625
1603547960255,2020-10-24T09:59:20.255,109.450,0.000080062,0.000051875,0.000043437
1603547960305,2020-10-24T09:59:20.305,109.500,0.000079000,0.000051875,0.000043437
1603547960355,2020-10-24T09:59:20.355,109.550,0.000079375,0.000051875,0.000045000
1603547960405,2020-10-24T09:59:20.405,109.600,0.000080438,0.000052250,0.000043437
1603547960455,2020-10-24T09:59:20.455,109.650,0.000079750,0.000051500,0.000043063
1603547960505,2020-10-24T09:59:20.505,109.700,0.000080062,0.000052625,0.000043875
1603547960555,2020-10-24T09:59:20.555,109.750,0.000080438,0.000051500,0.000044625
1603547960605,2020-10-24T09:59:20.605,109.800,0.000080062,0.000051500,0.000043437
1603547960655,2020-10-24T09:59:20.655,109.850,0.000080062,0.000051875,0.000044250
1603547960705,2020-10-24T09:59:20.705,109.900,0.000080062,0.000051500,0.000043063
1603547960755,2020-10-24T09:59:20.755,109.950,0.000079375,0.000051875,0.000042688
1603547960805,2020-10-24T09:59:20.805,110.000,0.000079375,0.000051875,0.000042312
1603547960855,2020-10-24T09:59:20.855,110.050,0.000079000,0.000051875,0.000043437
1603547960905,2020-10-24T09:59:20.905,110.100,0.000080812,0.000051500,0.000043437
1603547960955,2020-10-24T09:59:20.955,110.150,0.000079375,0.000051875,0.000043437
1603547961005,2020-10-24T09:59:21.005,110.200,0.000079375,0.000051125,0.000043875
1603547961055,2020-10-24T09:59:21.055,110.250,0.000080062,0.000051875,0.000043063
1603547961105,2020-10-24T09:59:21.105,110.300,0.000079000,0.000051125,0.000042312
1603547961155,2020-10-24T09:59:21.155,110.350,0.000080062,0.000052625,0.000042312
1603547961205,2020-10-24T09:59:21.205,110.400,0.000079375,0.000051875,0.000042688
1603547961255,2020-10-24T09:59:21.255,110.450,0.000080062,0.000051875,0.000042312
1603547961305,2020-10-24T09:59:21.305,110.500,0.000079750,0.000052250,0.000042312
1603547961355,2020-10-24T09:59:21.355,110.550,0.000078625,0.000051500,0.000042688
1603547961405,2020-10-24T09:59:21.405,110.600,0.000079750,0.000051125,0.000042688
1603547961455,2020-10-24T09:59:21.455,110.650,0.000079375,0.000051500,0.000043063
1603547961505,2020-10-24T09:59:21.505,110.700,0.000080438,0.000051500,0.000043875
1603547961555,2020-10-24T09:59:21.555,110.750,0.000080812,0.000051875,0.000043437
1603547961605,2020-10-24T09:59:21.605,110.800,0.000080062,0.000051500,0.000042312
1603547961655,2020-10-24T09:59:21.655,110.850,0.000080812,0.000051500,0.000042688
1603547961705,2020-10-24T09:59:21.705,110.900,0.000080062,0.000050813,0.000042688
1603547961755,2020-10-24T09:59:21.755,110.950,0.000080438,0.000051500,0.000043437
1603547961805,2020-10-24T09:59:21.805,111.000,0.000080438,0.000051875,0.000043437
1603547961855,2020-10-24T09:59:21.855,111.050,0.000079000,0.000052250,0.000041937
1603547961905,2020-10-24T09:59:21.905,111.100,0.000079000,0.000052250,0.000042688
1603547961955,2020-10-24T09:59:21.955,111.150,0.000079375,0.000052250,0.000042688
1603547962005,2020-10-24T09:59:22.005,111.200,0.000080062,0.000052625,0.000043063
1603547962055,2020-10-24T09:59:22.055,111.250,0.000079750,0.000051875,0.000041937
1603547962105,2020-10-24T09:59:22.105,111.300,0.000078625,0.000050813,0.000042688
1603547962155,2020-10-24T09:59:22.155,111.350,0.000079750,0.000051125,0.000043875
1603547962205,2020-10-24T09:59:22.205,111.400,0.000078625,0.000052625,0.000043812
1603547962255,2020-10-24T09:59:22.255,111.450,0.000079375,0.000051875,0.000043063
1603547962305,2020-10-24T09:59:22.305,111.500,0.000078625,0.000051500,0.000041562
1603547962355,2020-10-24T09:59:22.355,111.550,0.000079750,0.000051875,0.000043063
1603547962405,2020-10-24T09:59:22.405,111.600,0.000078250,0.000051125,0.000043063
1603547962455,2020-10-24T09:59:22.455,111.650,0.000079000,0.000051875,0.000042688
1603547962505,2020-10-24T09:59:22.505,111.700,0.000078250,0.000051500,0.000042312
1603547962555,2020-10-24T09:59:22.555,111.750,0.000079375,0.000051125,0.000043875
1603547962605,2020-10-24T09:59:22.605,111.800,0.000080062,0.000052250,0.000043063
1603547962655,2020-10-24T09:59:22.655,111.850,0.000079000,0.000051875,0.000042312
1603547962705,2020-10-24T09:59:22.705,111.900,0.000079375,0.000052250,0.000043875
1603547962755,2020-10-24T09:59:22.755,111.950,0.000079375,0.000051875,0.000043875
1603547962805,2020-10-24T09:59:22.805,112.000,0.000080438,0.000052625,0.000042688
1603547962855,2020-10-24T09:59:22.855,112.050,0.000079000,0.000050813,0.000042688
1603547962905,2020-10-24T09:59:22.905,112.100,0.000079750,0.000052250,0.000043063
1603547962955,2020-10-24T09:59:22.955,112.150,0.000079000,0.000051875,0.000042688
1603547963005,2020-10-24T09:59:23.005,112.200,0.000079375,0.000051875,0.000043875
1603547963055,2020-10-24T09:59:23.055,112.250,0.000080062,0.000052625,0.000042688
1603547963105,2020-10-24T09:59:23.105,112.300,0.000078625,0.000052937,0.000043875
1603547963155,2020-10-24T09:59:23.155,112.350,0.000079375,0.000051500,0.000042688
1603547963205,2020-10-24T09:59:23.205,112.400,0.000080062,0.000053312,0.000041937
1603547963255,2020-10-24T09:59:23.255,112.450,0.000079750,0.000051875,0.000042688
1603547963305,2020-10-24T09:59:23.305,112.500,0.000079375,0.000051875,0.000042312
1603547963355,2020-10-24T09:59:23.355,112.550,0.000079375,0.000052250,0.000043812
1603547963405,2020-10-24T09:59:23.405,112.600,0.000079750,0.000051875,0.000043437
1603547963455,2020-10-24T09:59:23.455,112.650,0.000079000,0.000051500,0.000043437
1603547963505,2020-10-24T09:59:23.505,112.700,0.000080062,0.000052937,0.000043063
1603547963555,2020-10-24T09:59:23.555,112.750,0.000078625,0.000052625,0.000043875
1603547963605,2020-10-24T09:59:23.605,112.800,0.000078625,0.000052250,0.000042688
1603547963655,2020-10-24T09:59:23.655,112.850,0.000078625,0.000052250,0.000041562
1603547963705,2020-10-24T09:59:23.705,112.900,0.000079375,0.000051125,0.000043063
1603547963755,2020-10-24T09:59:23.755,112.950,0.000080812,0.000052937,0.000043063
1603547963805,2020-10-24T09:59:23.805,113.000,0.000078625,0.000051500,0.000044250
1603547963855,2020-10-24T09:59:23.855,113.050,0.000079750,0.000052250,0.000044625
1603547963905,2020-10-24T09:59:23.905,113.100,0.000080062,0.000051500,0.000043063
1603547963955,2020-10-24T09:59:23.955,113.150,0.000079375,0.000052937,0.000043063
1603547964005,2020-10-24T09:59:24.005,113.200,0.000080062,0.000051875,0.000043063
1603547964055,2020-10-24T09:59:24.055,113.250,0.000078625,0.000052250,0.000043063
1603547964105,2020-10-24T09:59:24.105,113.300,0.000079000,0.000051500,0.000043500
1603547964155,2020-10-24T09:59:24.155,113.350,0.000078625,0.000051500,0.000043437
1603547964205,2020-10-24T09:59:24.205,113.400,0.000079375,0.000052250,0.000043063
1603547964255,2020-10-24T09:59:24.255,113.450,0.000079750,0.000052250,0.000043875
1603547964305,2020-10-24T09:59:24.305,113.500,0.000079750,0.000051500,0.000043437
1603547964355,2020-10-24T09:59:24.355,113.550,0.000079375,0.000051500,0.000043063
1603547964405,2020-10-24T09:59:24.405,113.600,0.000079375,0.000051875,0.000042688
1603547964455,2020-10-24T09:59:24.455,113.650,0.000079375,0.000051125,0.000043875
1603547964505,2020-10-24T09:59:24.505,113.700,0.000079750,0.000051875,0.000043063
1603547964555,2020-10-24T09:59:24.555,113.750,0.000078250,0.000051500,0.000042688
1603547964605,2020-10-24T09:59:24.605,113.800,0.000079375,0.000051875,0.000043437
1603547964655,2020-10-24T09:59:24.655,113.850,0.000079000,0.000051875,0.000043063
1603547964705,2020-10-24T09:59:24.705,113.900,0.000078625,0.000051875,0.000043063
1603547964755,2020-10-24T09:59:24.755,113.950,0.000079375,0.000052625,0.000043437
1603547964805,2020-10-24T09:59:24.805,114.000,0.000080062,0.000052625,0.000043063
1603547964855,2020-10-24T09:59:24.855,114.050,0.000077937,0.000051875,0.000041937
1603547964905,2020-10-24T09:59:24.905,114.100,0.000080438,0.000052250,0.000043063
1603547964955,2020-10-24T09:59:24.955,114.150,0.000079375,0.000051500,0.000042688
1603547965005,2020-10-24T09:59:25.005,114.200,0.000079375,0.000052250,0.000043063
1603547965055,2020-10-24T09:59:25.055,114.250,0.000080062,0.000051500,0.000043437
1603547965105,2020-10-24T09:59:25.105,114.300,0.000079375,0.000052625,0.000042688
1603547965155,2020-10-24T09:59:25.155,114.350,0.000079750,0.000052250,0.000041937
1603547965205,2020-10-24T09:59:25.205,114.400,0.000079750,0.000052625,0.000043437
1603547965255,2020-10-24T09:59:25.255,114.450,0.000079000,0.000051875,0.000042688
1603547965305,2020-10-24T09:59:25.305,114.500,0.000079750,0.000051500,0.000043063
1603547965355,2020-10-24T09:59:25.355,114.550,0.000079750,0.000051125,0.000043063
1603547965405,2020-10-24T09:59:25.405,114.600,0.000080062,0.000051875,0.000043063
1603547965455,2020-10-24T09:59:25.455,114.650,0.000080062,0.000053312,0.000044250
1603547965505,2020-10-24T09:59:25.505,114.700,0.000080062,0.000051125,0.000042688
1603547965555,2020-10-24T09:59:25.555,114.750,0.000080125,0.000051875,0.000042688
1603547965605,2020-10-24T09:59:25.605,114.800,0.000080812,0.000051500,0.000043437
1603547965655,2020-10-24T09:59:25.655,114.850,0.000079375,0.000052250,0.000043437
1603547965705,2020-10-24T09:59:25.705,114.900,0.000079750,0.000052250,0.000043437
1603547965755,2020-10-24T09:59:25.755,114.950,0.000079750,0.000052250,0.000043063
1603547965805,2020-10-24T09:59:25.805,115.000,0.000079375,0.000051875,0.000043063
1603547965855,2020-10-24T09:59:25.855,115.050,0.000079750,0.000051125,0.000044625
1603547965905,2020-10-24T09:59:25.905,115.100,0.000080062,0.000051875,0.000043875
1603547965955,2020-10-24T09:59:25.955,115.150,0.000080062,0.000051500,0.000044250
1603547966005,2020-10-24T09:59:26.005,115.200,0.000080438,0.000050437,0.000042688
1603547966055,2020-10-24T09:59:26.055,115.250,0.000080438,0.000052250,0.000043063
1603547966105,2020-10-24T09:59:26.105,115.300,0.000079375,0.000050437,0.000042688
1603547966155,2020-10-24T09:59:26.155,115.350,0.000079750,0.000052250,0.000042688
1603547966205,2020-10-24T09:59:26.205,115.400,0.000080062,0.000051125,0.000043063
1603547966255,2020-10-24T09:59:26.255,115.450,0.000081187,0.000050813,0.000042688
1603547966305,2020-10-24T09:59:26.305,115.500,0.000082625,0.000051500,0.000042312
1603547966355,2020-10-24T09:59:26.355,115.550,0.000083000,0.000051500,0.000042312
1603547966405,2020-10-24T09:59:26.405,115.600,0.000084438,0.000050437,0.000042312
1603547966455,2020-10-24T09:59:26.455,115.650,0.000084812,0.000048625,0.000041562
1603547966505,2020-10-24T09:59:26.505,115.700,0.000086250,0.000049313,0.000040750
1603547966555,2020-10-24T09:59:26.555,115.750,0.000087313,0.000049000,0.000039250
1603547966605,2020-10-24T09:59:26.605,115.800,0.000087000,0.000049313,0.000040375
1603547966655,2020-10-24T09:59:26.655,115.850,0.000087313,0.000049000,0.000040375
1603547966705,2020-10-24T09:59:26.705,115.900,0.000087687,0.000048625,0.000041188
1603547966755,2020-10-24T09:59:26.755,115.950,0.000087313,0.000049687,0.000041562
1603547966805,2020-10-24T09:59:26.805,116.000,0.000087000,0.000049000,0.000040000
1603547966855,2020-10-24T09:59:26.855,116.050,0.000086625,0.000049313,0.000041125
1603547966905,2020-10-24T09:59:26.905,116.100,0.000086250,0.000049687,0.000040375
1603547966955,2020-10-24T09:59:26.955,116.150,0.000086625,0.000049313,0.000040375
1603547967005,2020-10-24T09:59:27.005,116.200,0.000087000,0.000048625,0.000041188
1603547967055,2020-10-24T09:59:27.055,116.250,0.000085562,0.000048250,0.000041562
1603547967105,2020-10-24T09:59:27.105,116.300,0.000087000,0.000049687,0.000040750
1603547967155,2020-10-24T09:59:27.155,116.350,0.000085500,0.000049000,0.000040750
1603547967205,2020-10-24T09:59:27.205,116.400,0.000086250,0.000050062,0.000041125
1603547967255,2020-10-24T09:59:27.255,116.450,0.000086250,0.000050062,0.000041562
1603547967305,2020-10-24T09:59:27.305,116.500,0.000086250,0.000049313,0.000041188
1603547967355,2020-10-24T09:59:27.355,116.550,0.000084812,0.000049313,0.000040750
1603547967405,2020-10-24T09:59:27.405,116.600,0.000084812,0.000047500,0.000041125
1603547967455,2020-10-24T09:59:27.455,116.650,0.000085500,0.000050062,0.000040750
1603547967505,2020-10-24T09:59:27.505,116.700,0.000085875,0.000049687,0.000042312
1603547967555,2020-10-24T09:59:27.555,116.750,0.000084812,0.000050813,0.000040750
1603547967605,2020-10-24T09:59:27.605,116.800,0.000087000,0.000049687,0.000041562
1603547967655,2020-10-24T09:59:27.655,116.850,0.000085875,0.000050437,0.000040375
1603547967705,2020-10-24T09:59:27.705,116.900,0.000086625,0.000049687,0.000040375
1603547967755,2020-10-24T09:59:27.755,116.950,0.000086250,0.000049000,0.000040750
1603547967805,2020-10-24T09:59:27.805,117.000,0.000085875,0.000049000,0.000041188
1603547967855,2020-10-24T09:59:27.855,117.050,0.000086250,0.000049000,0.000040750
1603547967905,2020-10-24T09:59:27.905,117.100,0.000085188,0.000049313,0.000041188
1603547967955,2020-10-24T09:59:27.955,117.150,0.000085875,0.000049687,0.000042312
1603547968005,2020-10-24T09:59:28.005,117.200,0.000086625,0.000049687,0.000041937
1603547968055,2020-10-24T09:59:28.055,117.250,0.000087313,0.000050813,0.000041562
1603547968105,2020-10-24T09:59:28.105,117.300,0.000085875,0.000049313,0.000041937
1603547968155,2020-10-24T09:59:28.155,117.350,0.000085875,0.000050813,0.000041937
1603547968205,2020-10-24T09:59:28.205,117.400,0.000085188,0.000049687,0.000041188
1603547968255,2020-10-24T09:59:28.255,117.450,0.000085188,0.000050437,0.000042688
1603547968305,2020-10-24T09:59:28.305,117.500,0.000085188,0.000049313,0.000041562
1603547968355,2020-10-24T09:59:28.355,117.550,0.000084812,0.000049687,0.000041562
1603547968405,2020-10-24T09:59:28.405,117.600,0.000084812,0.000050437,0.000042688
1603547968455,2020-10-24T09:59:28.455,117.650,0.000084438,0.000049687,0.000041937
1603547968505,2020-10-24T09:59:28.505,117.700,0.000084062,0.000050813,0.000041937
1603547968555,2020-10-24T09:59:28.555,117.750,0.000084062,0.000050813,0.000041937
1603547968605,2020-10-24T09:59:28.605,117.800,0.000084438,0.000050062,0.000041937
1603547968655,2020-10-24T09:59:28.655,117.850,0.000084438,0.000050062,0.000042688
1603547968705,2020-10-24T09:59:28.705,117.900,0.000085188,0.000050813,0.000041125
1603547968755,2020-10-24T09:59:28.755,117.950,0.000085188,0.000050062,0.000042688
1603547968805,2020-10-24T09:59:28.805,118.000,0.000084062,0.000049000,0.000042688
1603547968855,2020-10-24T09:59:28.855,118.050,0.000084062,0.000050813,0.000042688
1603547968905,2020-10-24T09:59:28.905,118.100,0.000084062,0.000050062,0.000042688
1603547968955,2020-10-24T09:59:28.955,118.150,0.000084438,0.000050813,0.000043063
1603547969005,2020-10-24T09:59:29.005,118.200,0.000084438,0.000050813,0.000042688
1603547969055,2020-10-24T09:59:29.055,118.250,0.000084438,0.000049687,0.000042688
1603547969105,2020-10-24T09:59:29.105,118.300,0.000085875,0.000050062,0.000043437
1603547969155,2020-10-24T09:59:29.155,118.350,0.000084438,0.000050062,0.000042312
1603547969205,2020-10-24T09:59:29.205,118.400,0.000085500,0.000051500,0.000041937
1603547969255,2020-10-24T09:59:29.255,118.450,0.000084062,0.000050062,0.000042688
1603547969305,2020-10-24T09:59:29.305,118.500,0.000084438,0.000050062,0.000042688
1603547969355,2020-10-24T09:59:29.355,118.550,0.000085188,0.000050437,0.000042688
1603547969405,2020-10-24T09:59:29.405,118.600,0.000084062,0.000050813,0.000042688
1603547969455,2020-10-24T09:59:29.455,118.650,0.000083687,0.000050437,0.000043063
1603547969505,2020-10-24T09:59:29.505,118.700,0.000084812,0.000050437,0.000042312
1603547969555,2020-10-24T09:59:29.555,118.750,0.000083687,0.000051500,0.000043500
1603547969605,2020-10-24T09:59:29.605,118.800,0.000083000,0.000051125,0.000041937
1603547969655,2020-10-24T09:59:29.655,118.850,0.000083687,0.000051125,0.000042688
1603547969705,2020-10-24T09:59:29.705,118.900,0.000083375,0.000051500,0.000042312
1603547969755,2020-10-24T09:59:29.755,118.950,0.000083687,0.000051500,0.000041562
1603547969805,2020-10-24T09:59:29.805,119.000,0.000083000,0.000050437,0.000043063
1603547969855,2020-10-24T09:59:29.855,119.050,0.000083687,0.000051125,0.000043063
1603547969905,2020-10-24T09:59:29.905,119.100,0.000083000,0.000051500,0.000042312
1603547969955,2020-10-24T09:59:29.955,119.150,0.000081875,0.000051500,0.000041188
1603547970005,2020-10-24T09:59:30.005,119.200,0.000082625,0.000050813,0.000041562
1603547970055,2020-10-24T09:59:30.055,119.250,0.000084062,0.000051500,0.000042312
1603547970105,2020-10-24T09:59:30.105,119.300,0.000081563,0.000050813,0.000041937
1603547970155,2020-10-24T09:59:30.155,119.350,0.000083750,0.000051500,0.000041562
1603547970205,2020-10-24T09:59:30.205,119.400,0.000082250,0.000051500,0.000042312
1603547970255,2020-10-24T09:59:30.255,119.450,0.000081875,0.000050437,0.000042312
1603547970305,2020-10-24T09:59:30.305,119.500,0.000083000,0.000050813,0.000041937
1603547970355,2020-10-24T09:59:30.355,119.550,0.000083000,0.000050437,0.000042312
1603547970405,2020-10-24T09:59:30.405,119.600,0.000082625,0.000051500,0.000042688
1603547970455,2020-10-24T09:59:30.455,119.650,0.000082250,0.000051500,0.000043063
1603547970505,2020-10-24T09:59:30.505,119.700,0.000081937,0.000050813,0.000042312
1603547970555,2020-10-24T09:59:30.555,119.750,0.000082625,0.000051125,0.000043437
1603547970605,2020-10-24T09:59:30.605,119.800,0.000082250,0.000050437,0.000042312
1603547970655,2020-10-24T09:59:30.655,119.850,0.000082250,0.000051125,0.000042312
1603547970705,2020-10-24T09:59:30.705,119.900,0.000083000,0.000050813,0.000041937
1603547970755,2020-10-24T09:59:30.755,119.950,0.000081875,0.000051125,0.000041562
1603547970805,2020-10-24T09:59:30.805,120.000,0.000082250,0.000050813,0.000042312
1603547970855,2020-10-24T09:59:30.855,120.050,0.000082250,0.000050813,0.000042312
1603547970905,2020-10-24T09:59:30.905,120.100,0.000082250,0.000051125,0.000043500
1603547970955,2020-10-24T09:59:30.955,120.150,0.000081563,0.000051875,0.000043063
1603547971005,2020-10-24T09:59:31.005,120.200,0.000081875,0.000052250,0.000043063
1603547971055,2020-10-24T09:59:31.055,120.250,0.000082250,0.000051125,0.000042688
1603547971105,2020-10-24T09:59:31.105,120.300,0.000081875,0.000050813,0.000042312
1603547971155,2020-10-24T09:59:31.155,120.350,0.000082250,0.000050813,0.000042312
1603547971205,2020-10-24T09:59:31.205,120.400,0.000082250,0.000051875,0.000041937
1603547971255,2020-10-24T09:59:31.255,120.450,0.000082250,0.000050813,0.000043500
1603547971305,2020-10-24T09:59:31.305,120.500,0.000081875,0.000051875,0.000042688
1603547971355,2020-10-24T09:59:31.355,120.550,0.000082250,0.000051500,0.000043437
1603547971405,2020-10-24T09:59:31.405,120.600,0.000082625,0.000051500,0.000042312
1603547971455,2020-10-24T09:59:31.455,120.650,0.000082625,0.000051875,0.000042312
1603547971505,2020-10-24T09:59:31.505,120.700,0.000082250,0.000051500,0.000042688
1603547971555,2020-10-24T09:59:31.555,120.750,0.000081875,0.000050813,0.000042688
1603547971605,2020-10-24T09:59:31.605,120.800,0.000081875,0.000051875,0.000042312
1603547971655,2020-10-24T09:59:31.655,120.850,0.000080812,0.000051125,0.000042312
1603547971705,2020-10-24T09:59:31.705,120.900,0.000081187,0.000052250,0.000041937
1603547971755,2020-10-24T09:59:31.755,120.950,0.000081187,0.000051125,0.000043063
1603547971805,2020-10-24T09:59:31.805,121.000,0.000081937,0.000051125,0.000041937
1603547971855,2020-10-24T09:59:31.855,121.050,0.000081563,0.000051500,0.000043063
1603547971905,2020-10-24T09:59:31.905,121.100,0.000081875,0.000050813,0.000043063
1603547971955,2020-10-24T09:59:31.955,121.150,0.000080812,0.000051500,0.000041937
1603547972005,2020-10-24T09:59:32.005,121.200,0.000081563,0.000052250,0.000041937
1603547972055,2020-10-24T09:59:32.055,121.250,0.000080438,0.000050813,0.000042312
1603547972105,2020-10-24T09:59:32.105,121.300,0.000081187,0.000051125,0.000043500
1603547972155,2020-10-24T09:59:32.155,121.350,0.000082625,0.000051500,0.000043063
1603547972205,2020-10-24T09:59:32.205,121.400,0.000080812,0.000052250,0.000044250
1603547972255,2020-10-24T09:59:32.255,121.450,0.000081563,0.000051500,0.000043500
1603547972305,2020-10-24T09:59:32.305,121.500,0.000081187,0.000052250,0.000044250
1603547972355,2020-10-24T09:59:32.355,121.550,0.000081187,0.000051125,0.000045375
1603547972405,2020-10-24T09:59:32.405,121.600,0.000080812,0.000050813,0.000045375
1603547972455,2020-10-24T09:59:32.455,121.650,0.000080438,0.000050062,0.000045375
1603547972505,2020-10-24T09:59:32.505,121.700,0.000080812,0.000050813,0.000046187
1603547972555,2020-10-24T09:59:32.555,121.750,0.000080438,0.000050437,0.000046563
1603547972605,2020-10-24T09:59:32.605,121.800,0.000078250,0.000051125,0.000046563
1603547972655,2020-10-24T09:59:32.655,121.850,0.000079000,0.000050437,0.000046563
1603547972705,2020-10-24T09:59:32.705,121.900,0.000079375,0.000049687,0.000046563
1603547972755,2020-10-24T09:59:32.755,121.950,0.000079375,0.000049687,0.000047313
1603547972805,2020-10-24T09:59:32.805,122.000,0.000078250,0.000050813,0.000048875
1603547972855,2020-10-24T09:59:32.855,122.050,0.000078625,0.000050437,0.000046938
1603547972905,2020-10-24T09:59:32.905,122.100,0.000079000,0.000049687,0.000048125
1603547972955,2020-10-24T09:59:32.955,122.150,0.000079000,0.000049313,0.000046938
1603547973005,2020-10-24T09:59:33.005,122.200,0.000078250,0.000049313,0.000048875
1603547973055,2020-10-24T09:59:33.055,122.250,0.000079000,0.000050062,0.000048062
1603547973105,2020-10-24T09:59:33.105,122.300,0.000078250,0.000050437,0.000047313
1603547973155,2020-10-24T09:59:33.155,122.350,0.000080062,0.000050437,0.000047687
1603547973205,2020-10-24T09:59:33.205,122.400,0.000079750,0.000050437,0.000048062
1603547973255,2020-10-24T09:59:33.255,122.450,0.000079375,0.000049313,0.000048062
1603547973305,2020-10-24T09:59:33.305,122.500,0.000080438,0.000050437,0.000048062
1603547973355,2020-10-24T09:59:33.355,122.550,0.000079375,0.000051125,0.000046938
1603547973405,2020-10-24T09:59:33.405,122.600,0.000079375,0.000050062,0.000048125
1603547973455,2020-10-24T09:59:33.455,122.650,0.000080062,0.000051125,0.000047313
1603547973505,2020-10-24T09:59:33.505,122.700,0.000079000,0.000050437,0.000046938
1603547973555,2020-10-24T09:59:33.555,122.750,0.000080812,0.000050437,0.000047750
1603547973605,2020-10-24T09:59:33.605,122.800,0.000079375,0.000051125,0.000048125
1603547973655,2020-10-24T09:59:33.655,122.850,0.000079750,0.000051500,0.000047687
1603547973705,2020-10-24T09:59:33.705,122.900,0.000079750,0.000050813,0.000047313
1603547973755,2020-10-24T09:59:33.755,122.950,0.000079750,0.000049313,0.000046938
1603547973805,2020-10-24T09:59:33.805,123.000,0.000079375,0.000049687,0.000046938
1603547973855,2020-10-24T09:59:33.855,123.050,0.000080062,0.000049687,0.000048062
1603547973905,2020-10-24T09:59:33.905,123.100,0.000079750,0.000051125,0.000047313
1603547973955,2020-10-24T09:59:33.955,123.150,0.000080062,0.000050437,0.000046563
1603547974005,2020-10-24T09:59:34.005,123.200,0.000079375,0.000050813,0.000046563
1603547974055,2020-10-24T09:59:34.055,123.250,0.000079375,0.000049687,0.000047687
1603547974105,2020-10-24T09:59:34.105,123.300,0.000080062,0.000049687,0.000046938
1603547974155,2020-10-24T09:59:34.155,123.350,0.000080062,0.000051125,0.000045000
1603547974205,2020-10-24T09:59:34.205,123.400,0.000080062,0.000050813,0.000046938
1603547974255,2020-10-24T09:59:34.255,123.450,0.000080062,0.000050437,0.000046938
1603547974305,2020-10-24T09:59:34.305,123.500,0.000079750,0.000050062,0.000046938
1603547974355,2020-10-24T09:59:34.355,123.550,0.000080438,0.000051125,0.000046125
1603547974405,2020-10-24T09:59:34.405,123.600,0.000079375,0.000050813,0.000045375
1603547974455,2020-10-24T09:59:34.455,123.650,0.000079375,0.000051500,0.000046938
1603547974505,2020-10-24T09:59:34.505,123.700,0.000081187,0.000050062,0.000046187
1603547974555,2020-10-24T09:59:34.555,123.750,0.000080812,0.000051125,0.000045750
1603547974605,2020-10-24T09:59:34.605,123.800,0.000080438,0.000051125,0.000046563
1603547974655,2020-10-24T09:59:34.655,123.850,0.000080125,0.000050813,0.000046563
1603547974705,2020-10-24T09:59:34.705,123.900,0.000080062,0.000051875,0.000045750
1603547974755,2020-10-24T09:59:34.755,123.950,0.000080438,0.000051125,0.000046187
1603547974805,2020-10-24T09:59:34.805,124.000,0.000079750,0.000050813,0.000046563
1603547974855,2020-10-24T09:59:34.855,124.050,0.000080812,0.000050813,0.000044625
1603547974905,2020-10-24T09:59:34.905,124.100,0.000080062,0.000050813,0.000045375
1603547974955,2020-10-24T09:59:34.955,124.150,0.000080812,0.000050062,0.000046125
1603547975005,2020-10-24T09:59:35.005,124.200,0.000080438,0.000050437,0.000045000
1603547975055,2020-10-24T09:59:35.055,124.250,0.000080812,0.000051125,0.000045000
1603547975105,2020-10-24T09:59:35.105,124.300,0.000081187,0.000050437,0.000044250
1603547975155,2020-10-24T09:59:35.155,124.350,0.000080438,0.000051125,0.000044625
1603547975205,2020-10-24T09:59:35.205,124.400,0.000079375,0.000051500,0.000045750
1603547975255,2020-10-24T09:59:35.255,124.450,0.000078625,0.000050813,0.000045375
1603547975305,2020-10-24T09:59:35.305,124.500,0.000079375,0.000051500,0.000045000
1603547975355,2020-10-24T09:59:35.355,124.550,0.000079750,0.000051500,0.000043437
1603547975405,2020-10-24T09:59:35.405,124.600,0.000080812,0.000050813,0.000044625
1603547975455,2020-10-24T09:59:35.455,124.650,0.000079375,0.000051500,0.000044250
1603547975505,2020-10-24T09:59:35.505,124.700,0.000079375,0.000051500,0.000044250
1603547975555,2020-10-24T09:59:35.555,124.750,0.000079000,0.000050813,0.000043875
1603547975605,2020-10-24T09:59:35.605,124.800,0.000079000,0.000051875,0.000043875
1603547975655,2020-10-24T09:59:35.655,124.850,0.000079000,0.000051875,0.000043500
1603547975705,2020-10-24T09:59:35.705,124.900,0.000078250,0.000052250,0.000043875
1603547975755,2020-10-24T09:59:35.755,124.950,0.000078625,0.000050813,0.000043500
1603547975805,2020-10-24T09:59:35.805,125.000,0.000077563,0.000052937,0.000045000
1603547975855,2020-10-24T09:59:35.855,125.050,0.000076437,0.000052625,0.000044625
1603547975905,2020-10-24T09:59:35.905,125.100,0.000076813,0.000052250,0.000044625
1603547975955,2020-10-24T09:59:35.955,125.150,0.000076437,0.000051875,0.000045750
1603547976005,2020-10-24T09:59:36.005,125.200,0.000076437,0.000051875,0.000044250
1603547976055,2020-10-24T09:59:36.055,125.250,0.000078625,0.000051500,0.000044625
1603547976105,2020-10-24T09:59:36.105,125.300,0.000080812,0.000052250,0.000044250
1603547976155,2020-10-24T09:59:36.155,125.350,0.000080812,0.000050062,0.000042688
1603547976205,2020-10-24T09:59:36.205,125.400,0.000081875,0.000051125,0.000043063
1603547976255,2020-10-24T09:59:36.255,125.450,0.000083000,0.000051125,0.000042688
1603547976305,2020-10-24T09:59:36.305,125.500,0.000081875,0.000050813,0.000043437
1603547976355,2020-10-24T09:59:36.355,125.550,0.000083750,0.000049687,0.000042688
1603547976405,2020-10-24T09:59:36.405,125.600,0.000083687,0.000050813,0.000043063
1603547976455,2020-10-24T09:59:36.455,125.650,0.000084438,0.000050437,0.000042312
1603547976505,2020-10-24T09:59:36.505,125.700,0.000084438,0.000050062,0.000042688
1603547976555,2020-10-24T09:59:36.555,125.750,0.000084812,0.000050437,0.000041188
1603547976605,2020-10-24T09:59:36.605,125.800,0.000084062,0.000050813,0.000041125
1603547976655,2020-10-24T09:59:36.655,125.850,0.000084438,0.000050813,0.000043063
1603547976705,2020-10-24T09:59:36.705,125.900,0.000084062,0.000049687,0.000042688
1603547976755,2020-10-24T09:59:36.755,125.950,0.000084062,0.000050437,0.000043500
1603547976805,2020-10-24T09:59:36.805,126.000,0.000084812,0.000050437,0.000042688
1603547976855,2020-10-24T09:59:36.855,126.050,0.000083750,0.000050437,0.000043063
1603547976905,2020-10-24T09:59:36.905,126.100,0.000082625,0.000050437,0.000042312
1603547976955,2020-10-24T09:59:36.955,126.150,0.000084062,0.000051125,0.000042688
1603547977005,2020-10-24T09:59:37.005,126.200,0.000083375,0.000050437,0.000043063
1603547977055,2020-10-24T09:59:37.055,126.250,0.000083000,0.000050437,0.000043063
1603547977105,2020-10-24T09:59:37.105,126.300,0.000083750,0.000050062,0.000042688
1603547977155,2020-10-24T09:59:37.155,126.350,0.000084062,0.000050813,0.000043063
1603547977205,2020-10-24T09:59:37.205,126.400,0.000082625,0.000050813,0.000043063
1603547977255,2020-10-24T09:59:37.255,126.450,0.000082625,0.000050813,0.000044625
1603547977305,2020-10-24T09:59:37.305,126.500,0.000083000,0.000050437,0.000042688
1603547977355,2020-10-24T09:59:37.355,126.550,0.000081875,0.000050437,0.000043063
1603547977405,2020-10-24T09:59:37.405,126.600,0.000083000,0.000051125,0.000043500
1603547977455,2020-10-24T09:59:37.455,126.650,0.000082250,0.000051500,0.000043063
1603547977505,2020-10-24T09:59:37.505,126.700,0.000081875,0.000051125,0.000041937
1603547977555,2020-10-24T09:59:37.555,126.750,0.000082625,0.000051125,0.000043063
1603547977605,2020-10-24T09:59:37.605,126.800,0.000083000,0.000050437,0.000043063
1603547977655,2020-10-24T09:59:37.655,126.850,0.000081875,0.000051125,0.000043500
1603547977705,2020-10-24T09:59:37.705,126.900,0.000081563,0.000051125,0.000042688
1603547977755,2020-10-24T09:59:37.755,126.950,0.000080438,0.000050813,0.000043500
1603547977805,2020-10-24T09:59:37.805,127.000,0.000081563,0.000051500,0.000043063
1603547977855,2020-10-24T09:59:37.855,127.050,0.000082250,0.000051125,0.000043063
1603547977905,2020-10-24T09:59:37.905,127.100,0.000080812,0.000051125,0.000042688
1603547977955,2020-10-24T09:59:37.955,127.150,0.000081187,0.000051500,0.000043500
1603547978005,2020-10-24T09:59:38.005,127.200,0.000081187,0.000051125,0.000043063
1603547978055,2020-10-24T09:59:38.055,127.250,0.000080812,0.000050813,0.000043063
1603547978105,2020-10-24T09:59:38.105,127.300,0.000080812,0.000051500,0.000044250
1603547978155,2020-10-24T09:59:38.155,127.350,0.000080812,0.000051125,0.000043500
1603547978205,2020-10-24T09:59:38.205,127.400,0.000081187,0.000050813,0.000043875
1603547978255,2020-10-24T09:59:38.255,127.450,0.000080812,0.000052250,0.000044625
1603547978305,2020-10-24T09:59:38.305,127.500,0.000080062,0.000050813,0.000042312
1603547978355,2020-10-24T09:59:38.355,127.550,0.000080438,0.000051500,0.000043875
1603547978405,2020-10-24T09:59:38.405,127.600,0.000080125,0.000050813,0.000043500
1603547978455,2020-10-24T09:59:38.455,127.650,0.000081563,0.000051875,0.000044250
1603547978505,2020-10-24T09:59:38.505,127.700,0.000080812,0.000051875,0.000043875
1603547978555,2020-10-24T09:59:38.555,127.750,0.000077937,0.000051125,0.000044250
1603547978605,2020-10-24T09:59:38.605,127.800,0.000079375,0.000051500,0.000043437
1603547978655,2020-10-24T09:59:38.655,127.850,0.000079750,0.000051500,0.000043125
1603547978705,2020-10-24T09:59:38.705,127.900,0.000080438,0.000051500,0.000043875
1603547978755,2020-10-24T09:59:38.755,127.950,0.000079750,0.000050813,0.000044625
1603547978805,2020-10-24T09:59:38.805,128.000,0.000080125,0.000051875,0.000044625
1603547978855,2020-10-24T09:59:38.855,128.050,0.000078625,0.000052625,0.000043875
1603547978905,2020-10-24T09:59:38.905,128.100,0.000078250,0.000050813,0.000041937
1603547978955,2020-10-24T09:59:38.955,128.150,0.000079000,0.000051125,0.000043063
1603547979005,2020-10-24T09:59:39.005,128.200,0.000079375,0.000052250,0.000043875
1603547979055,2020-10-24T09:59:39.055,128.250,0.000079750,0.000050437,0.000044250
1603547979105,2020-10-24T09:59:39.105,128.300,0.000079750,0.000051875,0.000043875
1603547979155,2020-10-24T09:59:39.155,128.350,0.000079375,0.000051875,0.000044625
1603547979205,2020-10-24T09:59:39.205,128.400,0.000079750,0.000051125,0.000043875
1603547979255,2020-10-24T09:59:39.255,128.450,0.000079375,0.000050437,0.000043875
1603547979305,2020-10-24T09:59:39.305,128.500,0.000080062,0.000052250,0.000043500
1603547979355,2020-10-24T09:59:39.355,128.550,0.000080438,0.000051875,0.000043063
1603547979405,2020-10-24T09:59:39.405,128.600,0.000080125,0.000051125,0.000043875
1603547979455,2020-10-24T09:59:39.455,128.650,0.000080438,0.000050813,0.000043063
1603547979505,2020-10-24T09:59:39.505,128.700,0.000079000,0.000051500,0.000043875
1603547979555,2020-10-24T09:59:39.555,128.750,0.000079750,0.000051875,0.000043063
1603547979605,2020-10-24T09:59:39.605,128.800,0.000079750,0.000051875,0.000043875
1603547979655,2020-10-24T09:59:39.655,128.850,0.000079375,0.000052250,0.000043500
1603547979705,2020-10-24T09:59:39.705,128.900,0.000079000,0.000050813,0.000044625
1603547979755,2020-10-24T09:59:39.755,128.950,0.000079750,0.000051500,0.000043875
1603547979805,2020-10-24T09:59:39.805,129.000,0.000080062,0.000051500,0.000044625
1603547979855,2020-10-24T09:59:39.855,129.050,0.000080062,0.000052250,0.000043437
1603547979905,2020-10-24T09:59:39.905,129.100,0.000080812,0.000052625,0.000043063
1603547979955,2020-10-24T09:59:39.955,129.150,0.000079375,0.000051500,0.000042688
1603547980005,2020-10-24T09:59:40.005,129.200,0.000079750,0.000052250,0.000043063
1603547980055,2020-10-24T09:59:40.055,129.250,0.000079000,0.000051875,0.000043875
1603547980105,2020-10-24T09:59:40.105,129.300,0.000080062,0.000051500,0.000043875
1603547980155,2020-10-24T09:59:40.155,129.350,0.000079750,0.000051875,0.000042688
1603547980205,2020-10-24T09:59:40.205,129.400,0.000080062,0.000051125,0.000044250
1603547980255,2020-10-24T09:59:40.255,129.450,0.000079750,0.000050437,0.000043063
1603547980305,2020-10-24T09:59:40.305,129.500,0.000080062,0.000051875,0.000043500
1603547980355,2020-10-24T09:59:40.355,129.550,0.000079750,0.000051875,0.000044250
1603547980405,2020-10-24T09:59:40.405,129.600,0.000079375,0.000051500,0.000043437
1603547980455,2020-10-24T09:59:40.455,129.650,0.000080438,0.000050437,0.000043063
1603547980505,2020-10-24T09:59:40.505,129.700,0.000079750,0.000051125,0.000043063
1603547980555,2020-10-24T09:59:40.555,129.750,0.000079750,0.000051875,0.000043875
1603547980605,2020-10-24T09:59:40.605,129.800,0.000079375,0.000050813,0.000045000
1603547980655,2020-10-24T09:59:40.655,129.850,0.000079750,0.000050437,0.000044250
1603547980705,2020-10-24T09:59:40.705,129.900,0.000078625,0.000050813,0.000043875
1603547980755,2020-10-24T09:59:40.755,129.950,0.000079750,0.000051125,0.000043875
1603547980805,2020-10-24T09:59:40.805,130.000,0.000079375,0.000051125,0.000044250
1603547980855,2020-10-24T09:59:40.855,130.050,0.000080438,0.000051875,0.000043437
1603547980905,2020-10-24T09:59:40.905,130.100,0.000079750,0.000051875,0.000043500
1603547980955,2020-10-24T09:59:40.955,130.150,0.000080062,0.000051125,0.000044625
1603547981005,2020-10-24T09:59:41.005,130.200,0.000079750,0.000050813,0.000043875
1603547981055,2020-10-24T09:59:41.055,130.250,0.000079375,0.000052625,0.000044625
1603547981105,2020-10-24T09:59:41.105,130.300,0.000079750,0.000051500,0.000044625
1603547981155,2020-10-24T09:59:41.155,130.350,0.000079375,0.000052625,0.000043063
1603547981205,2020-10-24T09:59:41.205,130.400,0.000079375,0.000051875,0.000044250
1603547981255,2020-10-24T09:59:41.255,130.450,0.000079000,0.000051500,0.000043500
1603547981305,2020-10-24T09:59:41.305,130.500,0.000080438,0.000050437,0.000043875
1603547981355,2020-10-24T09:59:41.355,130.550,0.000080438,0.000051875,0.000043063
1603547981405,2020-10-24T09:59:41.405,130.600,0.000080062,0.000051875,0.000043063
1603547981455,2020-10-24T09:59:41.455,130.650,0.000079000,0.000051500,0.000044625
1603547981505,2020-10-24T09:59:41.505,130.700,0.000080062,0.000051125,0.000044625
1603547981555,2020-10-24T09:59:41.555,130.750,0.000079375,0.000051875,0.000043063
1603547981605,2020-10-24T09:59:41.605,130.800,0.000079750,0.000051500,0.000043437
1603547981655,2020-10-24T09:59:41.655,130.850,0.000080438,0.000051125,0.000044625
1603547981705,2020-10-24T09:59:41.705,130.900,0.000079750,0.000051125,0.000043063
1603547981755,2020-10-24T09:59:41.755,130.950,0.000080062,0.000050813,0.000043875
1603547981805,2020-10-24T09:59:41.805,131.000,0.000079375,0.000051500,0.000042750
1603547981855,2020-10-24T09:59:41.855,131.050,0.000079750,0.000051500,0.000043437
1603547981905,2020-10-24T09:59:41.905,131.100,0.000081563,0.000051875,0.000043875
1603547981955,2020-10-24T09:59:41.955,131.150,0.000080062,0.000051500,0.000043063
1603547982005,2020-10-24T09:59:42.005,131.200,0.000080438,0.000052250,0.000043875
1603547982055,2020-10-24T09:59:42.055,131.250,0.000078625,0.000051125,0.000043500
1603547982105,2020-10-24T09:59:42.105,131.300,0.000079750,0.000051125,0.000043063
1603547982155,2020-10-24T09:59:42.155,131.350,0.000080062,0.000051125,0.000043875
1603547982205,2020-10-24T09:59:42.205,131.400,0.000079375,0.000051500,0.000044625
1603547982255,2020-10-24T09:59:42.255,131.450,0.000080062,0.000051875,0.000043875
1603547982305,2020-10-24T09:59:42.305,131.500,0.000079750,0.000051500,0.000043063
1603547982355,2020-10-24T09:59:42.355,131.550,0.000079750,0.000051500,0.000044250
1603547982405,2020-10-24T09:59:42.405,131.600,0.000078625,0.000051500,0.000043875
1603547982455,2020-10-24T09:59:42.455,131.650,0.000079375,0.000051875,0.000044250
1603547982505,2020-10-24T09:59:42.505,131.700,0.000079000,0.000052625,0.000043875
1603547982555,2020-10-24T09:59:42.555,131.750,0.000079750,0.000051875,0.000044250
1603547982605,2020-10-24T09:59:42.605,131.800,0.000079375,0.000051500,0.000043875
1603547982655,2020-10-24T09:59:42.655,131.850,0.000079375,0.000050813,0.000043500
1603547982705,2020-10-24T09:59:42.705,131.900,0.000079000,0.000051875,0.000043875
1603547982755,2020-10-24T09:59:42.755,131.950,0.000079000,0.000051875,0.000044250
1603547982805,2020-10-24T09:59:42.805,132.000,0.000079000,0.000051875,0.000044625
1603547982855,2020-10-24T09:59:42.855,132.050,0.000079000,0.000051500,0.000043500
1603547982905,2020-10-24T09:59:42.905,132.100,0.000078312,0.000052250,0.000043063
1603547982955,2020-10-24T09:59:42.955,132.150,0.000080125,0.000052625,0.000043125
1603547983005,2020-10-24T09:59:43.005,132.200,0.000078625,0.000051500,0.000042750
1603547983055,2020-10-24T09:59:43.055,132.250,0.000080438,0.000051125,0.000043500
1603547983105,2020-10-24T09:59:43.105,132.300,0.000079750,0.000051875,0.000043500
1603547983155,2020-10-24T09:59:43.155,132.350,0.000079000,0.000052625,0.000043875
1603547983205,2020-10-24T09:59:43.205,132.400,0.000079750,0.000051875,0.000043063
1603547983255,2020-10-24T09:59:43.255,132.450,0.000079750,0.000052625,0.000043125
1603547983305,2020-10-24T09:59:43.305,132.500,0.000079750,0.000051125,0.000042688
1603547983355,2020-10-24T09:59:43.355,132.550,0.000079750,0.000051875,0.000043875
1603547983405,2020-10-24T09:59:43.405,132.600,0.000079750,0.000051500,0.000043500
1603547983455,2020-10-24T09:59:43.455,132.650,0.000079000,0.000052250,0.000043500
1603547983505,2020-10-24T09:59:43.505,132.700,0.000080438,0.000051875,0.000043500
1603547983555,2020-10-24T09:59:43.555,132.750,0.000079750,0.000052937,0.000044250
1603547983605,2020-10-24T09:59:43.605,132.800,0.000079000,0.000052250,0.000043500
1603547983655,2020-10-24T09:59:43.655,132.850,0.000079000,0.000052625,0.000043500
1603547983705,2020-10-24T09:59:43.705,132.900,0.000079750,0.000051500,0.000044250
1603547983755,2020-10-24T09:59:43.755,132.950,0.000079000,0.000050813,0.000042312
1603547983805,2020-10-24T09:59:43.805,133.000,0.000078625,0.000051875,0.000044250
1603547983855,2020-10-24T09:59:43.855,133.050,0.000079750,0.000051875,0.000043125
1603547983905,2020-10-24T09:59:43.905,133.100,0.000080125,0.000051875,0.000044625
1603547983955,2020-10-24T09:59:43.955,133.150,0.000079000,0.000051125,0.000043063
1603547984005,2020-10-24T09:59:44.005,133.200,0.000080062,0.000051875,0.000042688
1603547984055,2020-10-24T09:59:44.055,133.250,0.000079750,0.000051875,0.000043063
1603547984105,2020-10-24T09:59:44.105,133.300,0.000080062,0.000051500,0.000043875
1603547984155,2020-10-24T09:59:44.155,133.350,0.000079750,0.000052250,0.000043063
1603547984205,2020-10-24T09:59:44.205,133.400,0.000080062,0.000052250,0.000042688
1603547984255,2020-10-24T09:59:44.255,133.450,0.000079000,0.000051875,0.000042688
1603547984305,2020-10-24T09:59:44.305,133.500,0.000079750,0.000052250,0.000043437
1603547984355,2020-10-24T09:59:44.355,133.550,0.000078250,0.000051125,0.000042688
1603547984405,2020-10-24T09:59:44.405,133.600,0.000079000,0.000052625,0.000043500
1603547984455,2020-10-24T09:59:44.455,133.650,0.000079375,0.000052625,0.000043875
1603547984505,2020-10-24T09:59:44.505,133.700,0.000079375,0.000051875,0.000042688
1603547984555,2020-10-24T09:59:44.555,133.750,0.000080438,0.000052250,0.000042688
1603547984605,2020-10-24T09:59:44.605,133.800,0.000079000,0.000051875,0.000043500
1603547984655,2020-10-24T09:59:44.655,133.850,0.000079000,0.000052250,0.000043875
1603547984705,2020-10-24T09:59:44.705,133.900,0.000079750,0.000052250,0.000042312
1603547984755,2020-10-24T09:59:44.755,133.950,0.000079375,0.000052625,0.000043875
1603547984805,2020-10-24T09:59:44.805,134.000,0.000079750,0.000051875,0.000042688
1603547984855,2020-10-24T09:59:44.855,134.050,0.000078625,0.000051875,0.000043875
1603547984905,2020-10-24T09:59:44.905,134.100,0.000079375,0.000050813,0.000042688
1603547984955,2020-10-24T09:59:44.955,134.150,0.000079750,0.000051500,0.000043063
1603547985005,2020-10-24T09:59:45.005,134.200,0.000079375,0.000051125,0.000042312
1603547985055,2020-10-24T09:59:45.055,134.250,0.000079375,0.000052625,0.000043500
1603547985105,2020-10-24T09:59:45.105,134.300,0.000079750,0.000051875,0.000043875
1603547985155,2020-10-24T09:59:45.155,134.350,0.000078625,0.000051875,0.000044250
1603547985205,2020-10-24T09:59:45.205,134.400,0.000079375,0.000052250,0.000043063
1603547985255,2020-10-24T09:59:45.255,134.450,0.000080062,0.000051125,0.000043500
1603547985305,2020-10-24T09:59:45.305,134.500,0.000079375,0.000051500,0.000043875
1603547985355,2020-10-24T09:59:45.355,134.550,0.000080062,0.000051500,0.000044625
1603547985405,2020-10-24T09:59:45.405,134.600,0.000080125,0.000051500,0.000043500
1603547985455,2020-10-24T09:59:45.455,134.650,0.000079000,0.000051500,0.000043875
1603547985505,2020-10-24T09:59:45.505,134.700,0.000080812,0.000051125,0.000043875
1603547985555,2020-10-24T09:59:45.555,134.750,0.000079750,0.000051125,0.000043500
1603547985605,2020-10-24T09:59:45.605,134.800,0.000079000,0.000051875,0.000043063
1603547985655,2020-10-24T09:59:45.655,134.850,0.000080812,0.000051125,0.000043500
1603547985705,2020-10-24T09:59:45.705,134.900,0.000081187,0.000051500,0.000043875
1603547985755,2020-10-24T09:59:45.755,134.950,0.000080438,0.000051500,0.000043500
1603547985805,2020-10-24T09:59:45.805,135.000,0.000080125,0.000051125,0.000043500
1603547985855,2020-10-24T09:59:45.855,135.050,0.000079000,0.000052250,0.000043500
1603547985905,2020-10-24T09:59:45.905,135.100,0.000080125,0.000051500,0.000042688
1603547985955,2020-10-24T09:59:45.955,135.150,0.000079375,0.000051500,0.000043875
1603547986005,2020-10-24T09:59:46.005,135.200,0.000079750,0.000051875,0.000044625
1603547986055,2020-10-24T09:59:46.055,135.250,0.000079750,0.000051125,0.000043875
1603547986105,2020-10-24T09:59:46.105,135.300,0.000080438,0.000051500,0.000043063
1603547986155,2020-10-24T09:59:46.155,135.350,0.000079375,0.000051125,0.000044250
1603547986205,2020-10-24T09:59:46.205,135.400,0.000079750,0.000052625,0.000043063
1603547986255,2020-10-24T09:59:46.255,135.450,0.000078625,0.000050813,0.000043500
1603547986305,2020-10-24T09:59:46.305,135.500,0.000080438,0.000052937,0.000043875
1603547986355,2020-10-24T09:59:46.355,135.550,0.000079375,0.000051500,0.000043500
1603547986405,2020-10-24T09:59:46.405,135.600,0.000079000,0.000051875,0.000042688
1603547986455,2020-10-24T09:59:46.455,135.650,0.000078625,0.000051500,0.000043500
1603547986505,2020-10-24T09:59:46.505,135.700,0.000079375,0.000052937,0.000043437
1603547986555,2020-10-24T09:59:46.555,135.750,0.000079750,0.000051500,0.000041562
1603547986605,2020-10-24T09:59:46.605,135.800,0.000080062,0.000051500,0.000043875
1603547986655,2020-10-24T09:59:46.655,135.850,0.000078625,0.000052250,0.000042688
1603547986705,2020-10-24T09:59:46.705,135.900,0.000078250,0.000051875,0.000041937
1603547986755,2020-10-24T09:59:46.755,135.950,0.000079375,0.000051500,0.000042312
1603547986805,2020-10-24T09:59:46.805,136.000,0.000079000,0.000051875,0.000042312
1603547986855,2020-10-24T09:59:46.855,136.050,0.000079750,0.000052625,0.000042312
1603547986905,2020-10-24T09:59:46.905,136.100,0.000079750,0.000052250,0.000043125
1603547986955,2020-10-24T09:59:46.955,136.150,0.000079000,0.000052250,0.000041937
1603547987005,2020-10-24T09:59:47.005,136.200,0.000079750,0.000052250,0.000043437
1603547987055,2020-10-24T09:59:47.055,136.250,0.000079750,0.000052625,0.000042688
1603547987105,2020-10-24T09:59:47.105,136.300,0.000078250,0.000052250,0.000042688
1603547987155,2020-10-24T09:59:47.155,136.350,0.000078625,0.000052250,0.000043500
1603547987205,2020-10-24T09:59:47.205,136.400,0.000079750,0.000051875,0.000042688
1603547987255,2020-10-24T09:59:47.255,136.450,0.000080062,0.000051875,0.000041937
1603547987305,2020-10-24T09:59:47.305,136.500,0.000078625,0.000051875,0.000041937
1603547987355,2020-10-24T09:59:47.355,136.550,0.000080438,0.000051875,0.000041937
1603547987405,2020-10-24T09:59:47.405,136.600,0.000079375,0.000051875,0.000042312
1603547987455,2020-10-24T09:59:47.455,136.650,0.000079375,0.000052937,0.000043063
1603547987505,2020-10-24T09:59:47.505,136.700,0.000079375,0.000052250,0.000043063
1603547987555,2020-10-24T09:59:47.555,136.750,0.000080438,0.000052250,0.000043500
1603547987605,2020-10-24T09:59:47.605,136.800,0.000079375,0.000051875,0.000042688
1603547987655,2020-10-24T09:59:47.655,136.850,0.000079000,0.000051875,0.000041937
1603547987705,2020-10-24T09:59:47.705,136.900,0.000079375,0.000051875,0.000043063
1603547987755,2020-10-24T09:59:47.755,136.950,0.000079000,0.000052625,0.000042312
1603547987805,2020-10-24T09:59:47.805,137.000,0.000079750,0.000052250,0.000043063
1603547987855,2020-10-24T09:59:47.855,137.050,0.000079375,0.000051875,0.000042688
1603547987905,2020-10-24T09:59:47.905,137.100,0.000078625,0.000052625,0.000043063
1603547987955,2020-10-24T09:59:47.955,137.150,0.000080125,0.000052250,0.000043500
1603547988005,2020-10-24T09:59:48.005,137.200,0.000080062,0.000051125,0.000043063
1603547988055,2020-10-24T09:59:48.055,137.250,0.000079000,0.000052625,0.000041937
1603547988105,2020-10-24T09:59:48.105,137.300,0.000079375,0.000052250,0.000043063
1603547988155,2020-10-24T09:59:48.155,137.350,0.000079000,0.000051500,0.000042688
1603547988205,2020-10-24T09:59:48.205,137.400,0.000079750,0.000052250,0.000042688
1603547988255,2020-10-24T09:59:48.255,137.450,0.000079000,0.000051500,0.000042312
1603547988305,2020-10-24T09:59:48.305,137.500,0.000078250,0.000052625,0.000042312
1603547988355,2020-10-24T09:59:48.355,137.550,0.000078250,0.000052250,0.000043500
1603547988405,2020-10-24T09:59:48.405,137.600,0.000080438,0.000052625,0.000043500
1603547988455,2020-10-24T09:59:48.455,137.650,0.000078625,0.000051875,0.000043063
1603547988505,2020-10-24T09:59:48.505,137.700,0.000079375,0.000052250,0.000043500
1603547988555,2020-10-24T09:59:48.555,137.750,0.000079375,0.000052250,0.000043500
1603547988605,2020-10-24T09:59:48.605,137.800,0.000079375,0.000051875,0.000043063
1603547988655,2020-10-24T09:59:48.655,137.850,0.000078250,0.000051500,0.000043500
1603547988705,2020-10-24T09:59:48.705,137.900,0.000077937,0.000051500,0.000042688
1603547988755,2020-10-24T09:59:48.755,137.950,0.000077563,0.000050813,0.000042688
1603547988805,2020-10-24T09:59:48.805,138.000,0.000078625,0.000051500,0.000042312
1603547988855,2020-10-24T09:59:48.855,138.050,0.000077937,0.000051875,0.000043875
1603547988905,2020-10-24T09:59:48.905,138.100,0.000079750,0.000051875,0.000043063
1603547988955,2020-10-24T09:59:48.955,138.150,0.000078625,0.000052250,0.000044250
1603547989005,2020-10-24T09:59:49.005,138.200,0.000078312,0.000051875,0.000043875
1603547989055,2020-10-24T09:59:49.055,138.250,0.000078312,0.000052625,0.000043500
1603547989105,2020-10-24T09:59:49.105,138.300,0.000079000,0.000051875,0.000043500
1603547989155,2020-10-24T09:59:49.155,138.350,0.000078250,0.000051875,0.000044250
1603547989205,2020-10-24T09:59:49.205,138.400,0.000079375,0.000051875,0.000043875
1603547989255,2020-10-24T09:59:49.255,138.450,0.000079375,0.000052937,0.000043875
1603547989305,2020-10-24T09:59:49.305,138.500,0.000080438,0.000051125,0.000043125
1603547989355,2020-10-24T09:59:49.355,138.550,0.000078625,0.000051125,0.000043063
1603547989405,2020-10-24T09:59:49.405,138.600,0.000078250,0.000052937,0.000043875
1603547989455,2020-10-24T09:59:49.455,138.650,0.000080062,0.000052937,0.000043875
1603547989505,2020-10-24T09:59:49.505,138.700,0.000079375,0.000051875,0.000043875
1603547989555,2020-10-24T09:59:49.555,138.750,0.000079375,0.000052625,0.000043500
1603547989605,2020-10-24T09:59:49.605,138.800,0.000080125,0.000051125,0.000044250
1603547989655,2020-10-24T09:59:49.655,138.850,0.000078625,0.000051875,0.000043063
1603547989705,2020-10-24T09:59:49.705,138.900,0.000078625,0.000052250,0.000043063
1603547989755,2020-10-24T09:59:49.755,138.950,0.000079750,0.000051875,0.000043500
1603547989805,2020-10-24T09:59:49.805,139.000,0.000079375,0.000052250,0.000042688
1603547989855,2020-10-24T09:59:49.855,139.050,0.000079000,0.000051875,0.000043875
1603547989905,2020-10-24T09:59:49.905,139.100,0.000078625,0.000052625,0.000043125
1603547989955,2020-10-24T09:59:49.955,139.150,0.000078625,0.000052625,0.000042312
1603547990005,2020-10-24T09:59:50.005,139.200,0.000078625,0.000052625,0.000043500
1603547990055,2020-10-24T09:59:50.055,139.250,0.000078625,0.000051875,0.000043125
1603547990105,2020-10-24T09:59:50.105,139.300,0.000078625,0.000051875,0.000044250
1603547990155,2020-10-24T09:59:50.155,139.350,0.000078625,0.000051500,0.000042688
1603547990205,2020-10-24T09:59:50.205,139.400,0.000078250,0.000052250,0.000043500
1603547990255,2020-10-24T09:59:50.255,139.450,0.000079375,0.000051500,0.000043500
1603547990305,2020-10-24T09:59:50.305,139.500,0.000079000,0.000051125,0.000044250
1603547990355,2020-10-24T09:59:50.355,139.550,0.000078625,0.000051500,0.000043500
